0.1 933
0.1 933
0.1 933
0.1 933
60.1 933
120.1 730
180.1 526
240.1 334
300.1 180
360.1 180
420.1 180
480.1 180
540.1 180
600.1 180
660.1 180
720.1 180
780.1 180
840.1 180
900.1 180
960.1 180
1020.1 180
1080.1 180
1140.1 180
1200.1 180
1260.1 180
1320.1 180
1380.1 180
1440.1 180
1500.1 180
1560.1 180
1620.1 180
1680.1 180
1740.1 180
1800.1 180
1860.1 180
1920.1 180
1980.1 180
2040.1 180
2100.1 180
2160.1 180
2220.1 180
2280.1 180
2340.1 180
2400.1 180
2460.1 180
2520.1 180
2580.1 180
2640.1 180
2700.1 180
2760.1 180
2820.1 180
2880.1 180
2940.1 180
3000.1 180
3060.1 180
3120.1 180
3180.1 180
3240.1 180
3300.1 180
3360.1 180
3420.1 180
3480.1 180
3540.1 180
3600.1 180
3660.1 180
3720.1 180
3780.1 180
3840.1 180
3900.1 180
3960.1 180
4020.1 180
4080.1 180
4140.1 180
4200.1 180
4260.1 180
4320.1 180
4380.1 180
4440.1 180
4500.1 180
4560.1 180
4620.1 180
4680.1 180
4740.1 180
4800.1 180
4860.1 180
4920.1 180
4980.1 180
5040.1 180
5100.1 180
5160.1 180
5220.1 180
5280.1 180
5340.1 180
5400.1 180
5460.1 180
5520.1 180
5580.1 180
5640.1 180
5700.1 180
5760.1 180
5820.1 180
5880.1 180
5940.1 180
6000.1 180
6060.1 180
6120.1 180
6180.1 180
6240.1 180
6300.1 180
6360.1 180
6420.1 180
6480.1 180
6540.1 180
6600.1 180
6660.1 180
6720.1 180
6780.1 180
6840.1 180
6900.1 180
6960.1 180
7020.1 180
7080.1 180
7140.1 180
7200.1 180
7260.1 180
7320.1 180
7380.1 180
7440.1 180
7500.1 180
7560.1 180
7620.1 180
7680.1 180
7740.1 180
7800.1 180
7860.1 180
7920.1 180
7980.1 180
8040.1 180
8100.1 180
8160.1 180
8220.1 180
8280.1 180
8340.1 180
8400.1 180
8460.1 180
8520.1 180
8580.1 180
8640.1 180
8700.1 180
8760.1 180
8820.1 180
8880.1 180
8940.1 180
9000.1 180
9060.1 180
9120.1 180
9180.1 180
9240.1 180
9300.1 180
9360.1 180
9420.1 180
9480.1 180
9540.1 180
9600.1 180
9660.1 180
9720.1 180
9780.1 180
9840.1 180
9900.1 180
9960.1 180
10020.1 180
10080.1 180
10140.1 180
10200.1 180
10260.1 180
10320.1 180
10380.1 180
10440.1 180
10500.1 180
10560.1 180
10620.1 180
10680.1 180
10740.1 180
10800.1 180
10860.1 180
10920.1 180
10980.1 180
11040.1 180
11100.1 180
11160.1 180
11220.1 180
11280.1 180
11340.1 180
11400.1 180
11460.1 180
11520.1 180
11580.1 180
11640.1 180
11700.1 180
11760.1 180
11820.1 180
11880.1 180
11940.1 180
12000.1 180
12060.1 180
12120.1 180
12180.1 180
12240.1 180
12300.1 180
12360.1 180
12420.1 180
12480.1 180
12540.1 180
12600.1 180
12660.1 180
12720.1 180
12780.1 180
12840.1 180
12900.1 180
12960.1 180
13020.1 180
13080.1 180
13140.1 180
13200.1 180
13260.1 180
13320.1 180
13380.1 180
13440.1 180
13500.1 180
13560.1 180
13620.1 180
13680.1 180
13740.1 180
13800.1 180
13860.1 180
13920.1 180
13980.1 180
14040.1 180
14100.1 180
14160.1 180
14220.1 180
14280.1 180
14340.1 180
14400.1 180
14460.1 180
14520.1 180
14580.1 180
14640.1 180
14700.1 180
14760.1 180
14820.1 180
14880.1 180
14940.1 180
15000.1 180
15060.1 180
15120.1 180
15180.1 180
15240.1 180
15300.1 180
15360.1 180
15420.1 180
15480.1 180
15540.1 180
15600.1 180
15660.1 180
15720.1 180
15780.1 180
15840.1 180
15900.1 180
15960.1 180
16020.1 180
16080.1 180
16140.1 180
16200.1 180
16260.1 180
16320.1 180
16380.1 180
16440.1 180
16500.1 180
16560.1 180
16620.1 180
16680.1 180
16740.1 180
16800.1 180
16860.1 180
16920.1 180
16980.1 180
17040.1 180
17100.1 180
17160.1 180
17220.1 180
17280.1 180
17340.1 180
17400.1 180
17460.1 180
17520.1 180
17580.1 180
17640.1 180
17700.1 180
17760.1 180
17820.1 180
17880.1 180
17940.1 180
18000.1 180
18060.1 180
18120.1 180
18180.1 180
18240.1 180
18300.1 180
18360.1 180
18420.1 180
18480.1 180
18540.1 180
18600.1 180
18660.1 180
18720.1 180
18780.1 180
18840.1 180
18900.1 180
18960.1 180
19020.1 180
19080.1 180
19140.1 180
19200.1 180
19260.1 180
19320.1 180
19380.1 180
19440.1 180
19500.1 180
19560.1 180
19620.1 180
19680.1 180
19740.1 180
19800.1 180
19860.1 180
19920.1 180
19980.1 180
20040.1 180
20100.1 180
20160.1 180
20220.1 180
20280.1 180
20340.1 180
20400.1 180
20460.1 180
20520.1 180
20580.1 180
20640.1 180
20700.1 180
20760.1 180
20820.1 180
20880.1 180
20940.1 180
21000.1 180
21060.1 180
21120.1 180
21180.1 180
21240.1 180
21300.1 180
21360.1 180
21420.1 180
21480.1 180
21540.1 180
21600.1 180
21660.1 180
21720.1 180
21780.1 180
21840.1 180
21900.1 180
21960.1 180
22020.1 180
22080.1 180
22140.1 180
22200.1 180
22260.1 180
22320.1 180
22380.1 180
22440.1 180
22500.1 180
22560.1 180
22620.1 180
22680.1 180
22740.1 180
22800.1 180
22860.1 180
22920.1 180
22980.1 180
23040.1 180
23100.1 180
23160.1 180
23220.1 180
23280.1 180
23340.1 180
23400.1 180
23460.1 180
23520.1 180
23580.1 180
23640.1 180
23700.1 180
23760.1 180
23820.1 180
23880.1 180
23940.1 180
24000.1 180
24060.1 180
24120.1 180
24180.1 180
24240.1 180
24300.1 180
24360.1 180
24420.1 180
24480.1 180
24540.1 180
24600.1 180
24660.1 180
24720.1 180
24780.1 180
24840.1 180
24900.1 180
24960.1 180
25020.1 180
25080.1 180
25140.1 180
25200.1 180
25260.1 180
25320.1 180
25380.1 180
25440.1 180
25500.1 180
25560.1 180
25620.1 180
25680.1 180
25740.1 180
25800.1 180
25860.1 180
25920.1 180
25980.1 180
26040.1 180
26100.1 180
26160.1 180
26220.1 180
26280.1 180
26340.1 180
26400.1 180
26460.1 180
26520.1 180
26580.1 180
26640.1 180
26700.1 180
26760.1 180
26820.1 180
26880.1 180
26940.1 180
27000.1 180
27060.1 180
27120.1 180
27180.1 180
27240.1 180
27300.1 180
27360.1 180
27420.1 180
27480.1 180
27540.1 180
27600.1 180
27660.1 180
27720.1 180
27780.1 180
27840.1 180
27900.1 180
27960.1 180
28020.1 180
28080.1 180
28140.1 180
28200.1 180
28260.1 180
28320.1 180
28380.1 180
28440.1 180
28500.1 180
28560.1 180
28620.1 180
28680.1 180
28740.1 180
28800.1 180
28860.1 180
28920.1 180
28980.1 180
29040.1 180
29100.1 180
29160.1 180
29220.1 180
29280.1 180
29340.1 180
29400.1 180
29460.1 180
29520.1 180
29580.1 180
29640.1 180
29700.1 180
29760.1 180
29820.1 180
29880.1 180
29940.1 180
30000.1 180
30060.1 180
30120.1 180
30180.1 180
30240.1 180
30300.1 180
30360.1 180
30420.1 180
30480.1 180
30540.1 180
30600.1 180
30660.1 180
30720.1 180
30780.1 180
30840.1 180
30900.1 180
30960.1 180
31020.1 180
31080.1 180
31140.1 180
31200.1 180
31260.1 180
31320.1 180
31380.1 180
31440.1 180
31500.1 180
31560.1 180
31620.1 180
31680.1 180
31740.1 180
31800.1 180
31860.1 180
31920.1 180
31980.1 180
32040.1 180
32100.1 180
32160.1 180
32220.1 180
32280.1 180
32340.1 180
32400.1 180
32460.1 180
32520.1 180
32580.1 180
32640.1 180
32700.1 180
32760.1 180
32820.1 180
32880.1 180
32940.1 180
33000.1 180
33060.1 180
33120.1 180
33180.1 180
33240.1 180
33300.1 180
33360.1 180
33420.1 180
33480.1 180
33540.1 180
33600.1 180
33660.1 180
33720.1 180
33780.1 180
33840.1 180
33900.1 180
33960.1 180
34020.1 180
34080.1 180
34140.1 180
34200.1 180
34260.1 180
34320.1 180
34380.1 180
34440.1 180
34500.1 180
34560.1 180
34620.1 180
34680.1 180
34740.1 180
34800.1 180
34860.1 180
34920.1 180
34980.1 180
35040.1 180
35100.1 180
35160.1 180
35220.1 180
35280.1 180
35340.1 180
35400.1 180
35460.1 180
35520.1 180
35580.1 180
35640.1 180
35700.1 180
35760.1 180
35820.1 180
35880.1 180
35940.1 180
36000.1 180
36060.1 180
36120.1 180
36180.1 180
36240.1 180
36300.1 180
36360.1 180
36420.1 180
36480.1 180
36540.1 180
36600.1 180
36660.1 180
36720.1 180
36780.1 180
36840.1 180
36900.1 180
36960.1 180
37020.1 180
37080.1 180
37140.1 180
37200.1 180
37260.1 180
37320.1 180
37380.1 180
37440.1 180
37500.1 180
37560.1 180
37620.1 180
37680.1 180
37740.1 180
37800.1 180
37860.1 180
37920.1 180
37980.1 180
38040.1 180
38100.1 180
38160.1 180
38220.1 180
38280.1 180
38340.1 180
38400.1 180
38460.1 180
38520.1 180
38580.1 180
38640.1 180
38700.1 180
38760.1 180
38820.1 180
38880.1 180
38940.1 180
39000.1 180
39060.1 180
39120.1 180
39180.1 180
39240.1 180
39300.1 180
39360.1 180
39420.1 180
39480.1 180
39540.1 180
39600.1 180
39660.1 180
39720.1 180
39780.1 180
39840.1 180
39900.1 180
39960.1 180
40020.1 180
40080.1 180
40140.1 180
40200.1 180
40260.1 180
40320.1 180
40380.1 180
40440.1 180
40500.1 180
40560.1 180
40620.1 180
40680.1 180
40740.1 180
40800.1 180
40860.1 180
40920.1 180
40980.1 180
41040.1 180
41100.1 180
41160.1 180
41220.1 180
41280.1 180
41340.1 180
41400.1 180
41460.1 180
41520.1 180
41580.1 180
41640.1 180
41700.1 180
41760.1 180
41820.1 180
41880.1 180
41940.1 180
42000.1 180
42060.1 180
42120.1 180
42180.1 180
42240.1 180
42300.1 180
42360.1 180
42420.1 180
42480.1 180
42540.1 180
42600.1 180
42660.1 180
42720.1 180
42780.1 180
42840.1 180
42900.1 180
42960.1 180
43020.1 180
43080.1 180
43140.1 180
43200.1 180
43260.1 180
43320.1 180
43380.1 180
43440.1 180
43500.1 180
43560.1 180
43620.1 180
43680.1 180
43740.1 180
43800.1 180
43860.1 180
43920.1 180
43980.1 180
44040.1 180
44100.1 180
44160.1 180
44220.1 180
44280.1 180
44340.1 180
44400.1 180
44460.1 180
44520.1 180
44580.1 180
44640.1 180
44700.1 180
44760.1 180
44820.1 180
44880.1 180
44940.1 180
45000.1 180
45060.1 180
45120.1 180
45180.1 180
45240.1 180
45300.1 180
45360.1 180
45420.1 180
45480.1 180
45540.1 180
45600.1 180
45660.1 180
45720.1 180
45780.1 180
45840.1 180
45900.1 180
45960.1 180
46020.1 180
46080.1 180
46140.1 180
46200.1 180
46260.1 180
46320.1 180
46380.1 180
46440.1 180
46500.1 180
46560.1 180
46620.1 180
46680.1 180
46740.1 180
46800.1 180
46860.1 180
46920.1 180
46980.1 180
47040.1 180
47100.1 180
47160.1 180
47220.1 180
47280.1 180
47340.1 180
47400.1 180
47460.1 180
47520.1 180
47580.1 180
47640.1 180
47700.1 180
47760.1 180
47820.1 180
47880.1 180
47940.1 180
48000.1 180
48060.1 180
48120.1 180
48180.1 180
48240.1 180
48300.1 180
48360.1 180
48420.1 180
48480.1 180
48540.1 180
48600.1 180
48660.1 180
48720.1 180
48780.1 180
48840.1 180
48900.1 180
48960.1 180
49020.1 180
49080.1 180
49140.1 180
49200.1 180
49260.1 180
49320.1 180
49380.1 180
49440.1 180
49500.1 180
49560.1 180
49620.1 180
49680.1 180
49740.1 180
49800.1 180
49860.1 180
49920.1 180
49980.1 180
50040.1 180
50100.1 180
50160.1 180
50220.1 180
50280.1 180
50340.1 180
50400.1 180
50460.1 180
50520.1 180
50580.1 180
50640.1 180
50700.1 180
50760.1 180
50820.1 180
50880.1 180
50940.1 180
51000.1 180
51060.1 180
51120.1 180
51180.1 180
51240.1 180
51300.1 180
51360.1 180
51420.1 180
51480.1 180
51540.1 180
51600.1 180
51660.1 180
51720.1 180
51780.1 180
51840.1 180
51900.1 180
51960.1 180
52020.1 180
52080.1 180
52140.1 180
52200.1 180
52260.1 180
52320.1 180
52380.1 180
52440.1 180
52500.1 180
52560.1 180
52620.1 180
52680.1 180
52740.1 180
52800.1 180
52860.1 180
52920.1 180
52980.1 180
53040.1 180
53100.1 180
53160.1 180
53220.1 180
53280.1 180
53340.1 180
53400.1 180
53460.1 180
53520.1 180
53580.1 180
53640.1 180
53700.1 180
53760.1 180
53820.1 180
53880.1 180
53940.1 180
54000.1 180
54060.1 180
54120.1 180
54180.1 180
54240.1 180
54300.1 180
54360.1 180
54420.1 180
54480.1 180
54540.1 180
54600.1 180
54660.1 180
54720.1 180
54780.1 180
54840.1 180
54900.1 180
54960.1 180
55020.1 180
55080.1 180
55140.1 180
55200.1 180
55260.1 180
55320.1 180
55380.1 180
55440.1 180
55500.1 180
55560.1 180
55620.1 180
55680.1 180
55740.1 180
55800.1 180
55860.1 180
55920.1 180
55980.1 180
56040.1 180
56100.1 180
56160.1 180
56220.1 180
56280.1 180
56340.1 180
56400.1 180
56460.1 180
56520.1 180
56580.1 180
56640.1 180
56700.1 180
56760.1 180
56820.1 180
56880.1 180
56940.1 180
57000.1 180
57060.1 180
57120.1 180
57180.1 180
57240.1 180
57300.1 180
57360.1 180
57420.1 180
57480.1 180
57540.1 180
57600.1 180
57660.1 180
57720.1 180
57780.1 180
57840.1 180
57900.1 180
57960.1 180
58020.1 180
58080.1 180
58140.1 180
58200.1 180
58260.1 180
58320.1 180
58380.1 180
58440.1 180
58500.1 180
58560.1 180
58620.1 180
58680.1 180
58740.1 180
58800.1 180
58860.1 180
58920.1 180
58980.1 180
59040.1 180
59100.1 180
59160.1 180
59220.1 180
59280.1 180
59340.1 180
59400.1 180
59460.1 180
59520.1 180
59580.1 180
59640.1 180
59700.1 180
59760.1 180
59820.1 180
59880.1 180
59940.1 180
60000.1 180
60060.1 180
60120.1 180
60180.1 180
60240.1 180
60300.1 180
60360.1 180
60420.1 180
60480.1 180
60540.1 180
60600.1 180
60660.1 180
60720.1 180
60780.1 180
60840.1 180
60900.1 180
60960.1 180
61020.1 180
61080.1 180
61140.1 180
61200.1 180
61260.1 180
61320.1 180
61380.1 180
61440.1 180
61500.1 180
61560.1 180
61620.1 180
61680.1 180
61740.1 180
61800.1 180
61860.1 180
61920.1 180
61980.1 180
62040.1 180
62100.1 180
62160.1 180
62220.1 180
62280.1 180
62340.1 180
62400.1 180
62460.1 180
62520.1 180
62580.1 180
62640.1 180
62700.1 180
62760.1 180
62820.1 180
62880.1 180
62940.1 180
63000.1 180
63060.1 180
63120.1 180
63180.1 180
63240.1 180
63300.1 180
63360.1 180
63420.1 180
63480.1 180
63540.1 180
63600.1 180
63660.1 180
63720.1 180
63780.1 180
63840.1 180
63900.1 180
63960.1 180
64020.1 180
64080.1 180
64140.1 180
64200.1 180
64260.1 180
64320.1 180
64380.1 180
64440.1 180
64500.1 180
64560.1 180
64620.1 180
64680.1 180
64740.1 180
64800.1 180
64860.1 180
64920.1 180
64980.1 180
65040.1 180
65100.1 180
65160.1 180
65220.1 180
65280.1 180
65340.1 180
65400.1 180
65460.1 180
65520.1 180
65580.1 180
65640.1 180
65700.1 180
65760.1 180
65820.1 180
65880.1 180
65940.1 180
66000.1 180
66060.1 180
66120.1 180
66180.1 180
66240.1 180
66300.1 180
66360.1 180
66420.1 180
66480.1 180
66540.1 180
66600.1 180
66660.1 180
66720.1 180
66780.1 180
66840.1 180
66900.1 180
66960.1 180
67020.1 180
67080.1 180
67140.1 180
67200.1 180
67260.1 180
67320.1 180
67380.1 180
67440.1 180
67500.1 180
67560.1 180
67620.1 180
67680.1 180
67740.1 180
67800.1 180
67860.1 180
67920.1 180
67980.1 180
68040.1 180
68100.1 180
68160.1 180
68220.1 180
68280.1 180
68340.1 180
68400.1 180
68460.1 180
68520.1 180
68580.1 180
68640.1 180
68700.1 180
68760.1 180
68820.1 180
68880.1 180
68940.1 180
69000.1 180
69060.1 180
69120.1 180
69180.1 180
69240.1 180
69300.1 180
69360.1 180
69420.1 180
69480.1 180
69540.1 180
69600.1 180
69660.1 180
69720.1 180
69780.1 180
69840.1 180
69900.1 180
69960.1 180
70020.1 180
70080.1 180
70140.1 180
70200.1 180
70260.1 180
70320.1 180
70380.1 180
70440.1 180
70500.1 180
70560.1 180
70620.1 180
70680.1 180
70740.1 180
70800.1 180
70860.1 180
70920.1 180
70980.1 180
71040.1 180
71100.1 180
71160.1 180
71220.1 180
71280.1 180
71340.1 180
71400.1 180
71460.1 180
71520.1 180
71580.1 180
71640.1 180
71700.1 180
71760.1 180
71820.1 180
71880.1 180
71940.1 180
72000.1 180
72060.1 180
72120.1 180
72180.1 180
72240.1 180
72300.1 180
72360.1 180
72420.1 180
72480.1 180
72540.1 180
72600.1 180
72660.1 180
72720.1 180
72780.1 180
72840.1 180
72900.1 180
72960.1 180
73020.1 180
73080.1 180
73140.1 180
73200.1 180
73260.1 180
73320.1 180
73380.1 180
73440.1 180
73500.1 180
73560.1 180
73620.1 180
73680.1 180
73740.1 180
73800.1 180
73860.1 180
73920.1 180
73980.1 180
74040.1 180
74100.1 180
74160.1 180
74220.1 180
74280.1 180
74340.1 180
74400.1 180
74460.1 180
74520.1 180
74580.1 180
74640.1 180
74700.1 180
74760.1 180
74820.1 180
74880.1 180
74940.1 180
75000.1 180
75060.1 180
75120.1 180
75180.1 180
75240.1 180
75300.1 180
75360.1 180
75420.1 180
75480.1 180
75540.1 180
75600.1 180
75660.1 180
75720.1 180
75780.1 180
75840.1 180
75900.1 180
75960.1 180
76020.1 180
76080.1 180
76140.1 180
76200.1 180
76260.1 180
76320.1 180
76380.1 180
76440.1 180
76500.1 180
76560.1 180
76620.1 180
76680.1 180
76740.1 180
76800.1 180
76860.1 180
76920.1 180
76980.1 180
77040.1 180
77100.1 180
77160.1 180
77220.1 180
77280.1 180
77340.1 180
77400.1 180
77460.1 180
77520.1 180
77580.1 180
77640.1 180
77700.1 180
77760.1 180
77820.1 180
77880.1 180
77940.1 180
78000.1 180
78060.1 180
78120.1 180
78180.1 180
78240.1 180
78300.1 180
78360.1 180
78420.1 180
78480.1 180
78540.1 180
78600.1 180
78660.1 180
78720.1 180
78780.1 180
78840.1 180
78900.1 180
78960.1 180
79020.1 180
79080.1 180
79140.1 180
79200.1 180
79260.1 180
79320.1 180
79380.1 180
79440.1 180
79500.1 180
79560.1 180
79620.1 180
79680.1 180
79740.1 180
79800.1 180
79860.1 180
79920.1 180
79980.1 180
80040.1 180
80100.1 180
80160.1 180
80220.1 180
80280.1 180
80340.1 180
80400.1 180
80460.1 180
80520.1 180
80580.1 180
80640.1 180
80700.1 180
80760.1 180
80820.1 180
80880.1 180
80940.1 180
81000.1 180
81060.1 180
81120.1 180
81180.1 180
81240.1 180
81300.1 180
81360.1 180
81420.1 180
81480.1 180
81540.1 180
81600.1 180
81660.1 180
81720.1 180
81780.1 180
81840.1 180
81900.1 180
81960.1 180
82020.1 180
82080.1 180
82140.1 180
82200.1 180
82260.1 180
82320.1 180
82380.1 180
82440.1 180
82500.1 180
82560.1 180
82620.1 180
82680.1 180
82740.1 180
82800.1 180
82860.1 180
82920.1 180
82980.1 180
83040.1 180
83100.1 180
83160.1 180
83220.1 180
83280.1 180
83340.1 180
83400.1 180
83460.1 180
83520.1 180
83580.1 180
83640.1 180
83700.1 180
83760.1 180
83820.1 180
83880.1 180
83940.1 180
84000.1 180
84060.1 180
84120.1 180
84180.1 180
84240.1 180
84300.1 180
84360.1 180
84420.1 180
84480.1 180
84540.1 180
84600.1 180
84660.1 180
84720.1 180
84780.1 180
84840.1 180
84900.1 180
84960.1 180
85020.1 180
85080.1 180
85140.1 180
85200.1 180
85260.1 180
85320.1 180
85380.1 180
85440.1 180
85500.1 180
85560.1 180
85620.1 180
85680.1 180
85740.1 180
85800.1 180
85860.1 180
85920.1 180
85980.1 180
86040.1 180
86100.1 180
86160.1 180
86220.1 180
86280.1 180
86340.1 180
