60.1 8000
120.1 8060
180.1 8020
240.1 8100
300.1 8060
360.1 8040
420.1 8060
480.1 7980
540.1 7980
600.1 7960
660.1 8060
720.1 7980
780.1 7920
840.1 7840
900.1 7820
960.1 7840
1020.1 7840
1080.1 7880
1140.1 7920
1200.1 7900
1260.1 7960
1320.1 7940
1380.1 7980
1440.1 8020
1500.1 8040
1560.1 8000
1620.1 7920
1680.1 7940
1740.1 8040
1800.1 8140
1860.1 8080
1920.1 8040
1980.1 8100
2040.1 8080
2100.1 8180
2160.1 8200
2220.1 8140
2280.1 8200
2340.1 8160
2400.1 8120
2460.1 8160
2520.1 8180
2580.1 8300
2640.1 8280
2700.1 8220
2760.1 8240
2820.1 8280
2880.1 8220
2940.1 8100
3000.1 8060
3060.1 8120
3120.1 8160
3180.1 8180
3240.1 8120
3300.1 8020
3360.1 8060
3420.1 8080
3480.1 8140
3540.1 8220
3600.1 8320
3660.1 8320
3720.1 8240
3780.1 8300
3840.1 8340
3900.1 8360
3960.1 8340
4020.1 8260
4080.1 8340
4140.1 8460
4200.1 8420
4260.1 8540
4320.1 8500
4380.1 8500
4440.1 8520
4500.1 8540
4560.1 8620
4620.1 8600
4680.1 8720
4740.1 8560
4800.1 8540
4860.1 8520
4920.1 8700
4980.1 8740
5040.1 8840
5100.1 8960
5160.1 8960
5220.1 9020
5280.1 9100
5340.1 9120
5400.1 9100
5460.1 9160
5520.1 9200
5580.1 9240
5640.1 9200
5700.1 9140
5760.1 9080
5820.1 9080
5880.1 9140
5940.1 9140
6000.1 9140
6060.1 9200
6120.1 9260
6180.1 9220
6240.1 9120
6300.1 9100
6360.1 9060
6420.1 8940
6480.1 8960
6540.1 8900
6600.1 9000
6660.1 9000
6720.1 9000
6780.1 9000
6840.1 9000
6900.1 8880
6960.1 8860
7020.1 8800
7080.1 8780
7140.1 8600
7200.1 8680
7260.1 8640
7320.1 8580
7380.1 8560
7440.1 8520
7500.1 8660
7560.1 8660
7620.1 8680
7680.1 8760
7740.1 8760
7800.1 8780
7860.1 8880
7920.1 8780
7980.1 8780
8040.1 8720
8100.1 8560
8160.1 8580
8220.1 8560
8280.1 8560
8340.1 8600
8400.1 8560
8460.1 8560
8520.1 8480
8580.1 8580
8640.1 8540
8700.1 8620
8760.1 8600
8820.1 8520
8880.1 8480
8940.1 8400
9000.1 8320
9060.1 8180
9120.1 8200
9180.1 8160
9240.1 8300
9300.1 8320
9360.1 8380
9420.1 8400
9480.1 8300
9540.1 8360
9600.1 8360
9660.1 8300
9720.1 8340
9780.1 8420
9840.1 8360
9900.1 8520
9960.1 8540
10020.1 8520
10080.1 8460
10140.1 8360
10200.1 8400
10260.1 8300
10320.1 8340
10380.1 8320
10440.1 8340
10500.1 8340
10560.1 8240
10620.1 8320
10680.1 8460
10740.1 8400
10800.1 8260
10860.1 8340
10920.1 8380
10980.1 8300
11040.1 8200
11100.1 8200
11160.1 8260
11220.1 8180
11280.1 8160
11340.1 8220
11400.1 8220
11460.1 8140
11520.1 8080
11580.1 8040
11640.1 8060
11700.1 8040
11760.1 8000
11820.1 7900
11880.1 7880
11940.1 7840
12000.1 7760
12060.1 7780
12120.1 7840
12180.1 7800
12240.1 7880
12300.1 7820
12360.1 7940
12420.1 7940
12480.1 8020
12540.1 8120
12600.1 8180
12660.1 8160
12720.1 8200
12780.1 8340
12840.1 8400
12900.1 8500
12960.1 8600
13020.1 8500
13080.1 8480
13140.1 8340
13200.1 8340
13260.1 8340
13320.1 8400
13380.1 8420
13440.1 8460
13500.1 8460
13560.1 8560
13620.1 8640
13680.1 8620
13740.1 8620
13800.1 8580
13860.1 8560
13920.1 8580
13980.1 8560
14040.1 8600
14100.1 8620
14160.1 8700
14220.1 8840
14280.1 8860
14340.1 8880
14400.1 8840
14460.1 8800
14520.1 8760
14580.1 8840
14640.1 8880
14700.1 8760
14760.1 8740
14820.1 8700
14880.1 8600
14940.1 8620
15000.1 8660
15060.1 8660
15120.1 8660
15180.1 8720
15240.1 8800
15300.1 8800
15360.1 8740
15420.1 8800
15480.1 8800
15540.1 8720
15600.1 8780
15660.1 8800
15720.1 8800
15780.1 8900
15840.1 8980
15900.1 8860
15960.1 8840
16020.1 8840
16080.1 8800
16140.1 8700
16200.1 8760
16260.1 8740
16320.1 8780
16380.1 8820
16440.1 8920
16500.1 8900
16560.1 8820
16620.1 8820
16680.1 8740
16740.1 8780
16800.1 8780
16860.1 8700
16920.1 8740
16980.1 8740
17040.1 8760
17100.1 8860
17160.1 8900
17220.1 8880
17280.1 8820
17340.1 8880
17400.1 9060
17460.1 9160
17520.1 9300
17580.1 9300
17640.1 9180
17700.1 9140
17760.1 9200
17820.1 9220
17880.1 9120
17940.1 9180
18000.1 9140
18060.1 9000
18120.1 9020
18180.1 9020
18240.1 9020
18300.1 8940
18360.1 8840
18420.1 8860
18480.1 8880
18540.1 8920
18600.1 8860
18660.1 8980
18720.1 9040
18780.1 9060
18840.1 9060
18900.1 8960
18960.1 8960
19020.1 8920
19080.1 8900
19140.1 9000
19200.1 9000
19260.1 8880
19320.1 8800
19380.1 8680
19440.1 8760
19500.1 8680
19560.1 8620
19620.1 8800
19680.1 8800
19740.1 8800
19800.1 8780
19860.1 8880
19920.1 8860
19980.1 8920
20040.1 8840
20100.1 8800
20160.1 8800
20220.1 8800
20280.1 8700
20340.1 8660
20400.1 8600
20460.1 8580
20520.1 8700
20580.1 8760
20640.1 8700
20700.1 8740
20760.1 8720
20820.1 8620
20880.1 8520
20940.1 8380
21000.1 8420
21060.1 8360
21120.1 8300
21180.1 8220
21240.1 8180
21300.1 8060
21360.1 8020
21420.1 8040
21480.1 8020
21540.1 8040
21600.1 7940
21660.1 8000
21720.1 8000
21780.1 7980
21840.1 7920
21900.1 7860
21960.1 7860
22020.1 7900
22080.1 7880
22140.1 7840
22200.1 7920
22260.1 7920
22320.1 7960
22380.1 8040
22440.1 8040
22500.1 8100
22560.1 8020
22620.1 7980
22680.1 8080
22740.1 7980
22800.1 8040
22860.1 7920
22920.1 7820
22980.1 7820
23040.1 7780
23100.1 7840
23160.1 7720
23220.1 7580
23280.1 7600
23340.1 7620
23400.1 7660
23460.1 7700
23520.1 7640
23580.1 7640
23640.1 7740
23700.1 7860
23760.1 7800
23820.1 7840
23880.1 7920
23940.1 7980
24000.1 8040
24060.1 7980
24120.1 8000
24180.1 7960
24240.1 7960
24300.1 7940
24360.1 7980
24420.1 8120
24480.1 8140
24540.1 8140
24600.1 8140
24660.1 8060
24720.1 8120
24780.1 8180
24840.1 8280
24900.1 8420
24960.1 8440
25020.1 8400
25080.1 8540
25140.1 8580
25200.1 8640
25260.1 8680
25320.1 8660
25380.1 8540
25440.1 8600
25500.1 8520
25560.1 8540
25620.1 8500
25680.1 8480
25740.1 8520
25800.1 8520
25860.1 8660
25920.1 8580
25980.1 8500
26040.1 8600
26100.1 8600
26160.1 8500
26220.1 8500
26280.1 8440
26340.1 8340
26400.1 8340
26460.1 8300
26520.1 8260
26580.1 8340
26640.1 8380
26700.1 8360
26760.1 8300
26820.1 8340
26880.1 8320
26940.1 8400
27000.1 8320
27060.1 8260
27120.1 8280
27180.1 8300
27240.1 8440
27300.1 8420
27360.1 8500
27420.1 8500
27480.1 8540
27540.1 8540
27600.1 8400
27660.1 8440
27720.1 8460
27780.1 8460
27840.1 8400
27900.1 8480
27960.1 8500
28020.1 8420
28080.1 8420
28140.1 8440
28200.1 8560
28260.1 8480
28320.1 8560
28380.1 8680
28440.1 8720
28500.1 8600
28560.1 8660
28620.1 8700
28680.1 8780
28740.1 8920
28800.1 9020
28860.1 8920
28920.1 9040
28980.1 8900
29040.1 8880
29100.1 8840
29160.1 8800
29220.1 8800
29280.1 8800
29340.1 8820
29400.1 8940
29460.1 9100
29520.1 9040
29580.1 9020
29640.1 8780
29700.1 8760
29760.1 8760
29820.1 8680
29880.1 8800
29940.1 8780
30000.1 8740
30060.1 8740
30120.1 8700
30180.1 8760
30240.1 8680
30300.1 8640
30360.1 8580
30420.1 8640
30480.1 8640
30540.1 8620
30600.1 8680
30660.1 8660
30720.1 8560
30780.1 8360
30840.1 8320
30900.1 8320
30960.1 8380
31020.1 8340
31080.1 8280
31140.1 8160
31200.1 8140
31260.1 8240
31320.1 8280
31380.1 8240
31440.1 8260
31500.1 8380
31560.1 8300
31620.1 8380
31680.1 8280
31740.1 8360
31800.1 8260
31860.1 8280
31920.1 8360
31980.1 8200
32040.1 8200
32100.1 8300
32160.1 8300
32220.1 8280
32280.1 8280
32340.1 8240
32400.1 8120
32460.1 8160
32520.1 8180
32580.1 8180
32640.1 8280
32700.1 8380
32760.1 8440
32820.1 8280
32880.1 8320
32940.1 8320
33000.1 8440
33060.1 8440
33120.1 8340
33180.1 8280
33240.1 8300
33300.1 8300
33360.1 8220
33420.1 8120
33480.1 8080
33540.1 7980
33600.1 7980
33660.1 7960
33720.1 8060
33780.1 8060
33840.1 8040
33900.1 8040
33960.1 8040
34020.1 8120
34080.1 8220
34140.1 8240
34200.1 8220
34260.1 8140
34320.1 8120
34380.1 8180
34440.1 8020
34500.1 8020
34560.1 8040
34620.1 7980
34680.1 8140
34740.1 8200
34800.1 8280
34860.1 8340
34920.1 8280
34980.1 8320
35040.1 8380
35100.1 8280
35160.1 8280
35220.1 8280
35280.1 8240
35340.1 8120
35400.1 8120
35460.1 8080
35520.1 8060
35580.1 7940
35640.1 8040
35700.1 8100
35760.1 8000
35820.1 8040
35880.1 8060
35940.1 8180
36000.1 8240
36060.1 8340
36120.1 8420
36180.1 8460
36240.1 8460
36300.1 8420
36360.1 8460
36420.1 8440
36480.1 8360
36540.1 8400
36600.1 8360
36660.1 8340
36720.1 8400
36780.1 8400
36840.1 8320
36900.1 8320
36960.1 8360
37020.1 8460
37080.1 8340
37140.1 8440
37200.1 8460
37260.1 8380
37320.1 8240
37380.1 8200
37440.1 8280
37500.1 8200
37560.1 8280
37620.1 8420
37680.1 8340
37740.1 8360
37800.1 8440
37860.1 8480
37920.1 8540
37980.1 8480
38040.1 8560
38100.1 8560
38160.1 8660
38220.1 8620
38280.1 8520
38340.1 8580
38400.1 8460
38460.1 8380
38520.1 8460
38580.1 8380
38640.1 8300
38700.1 8400
38760.1 8320
38820.1 8380
38880.1 8480
38940.1 8480
39000.1 8480
39060.1 8560
39120.1 8460
39180.1 8480
39240.1 8520
39300.1 8580
39360.1 8580
39420.1 8560
39480.1 8520
39540.1 8560
39600.1 8560
39660.1 8480
39720.1 8480
39780.1 8660
39840.1 8640
39900.1 8800
39960.1 8820
40020.1 8800
40080.1 8840
40140.1 8780
40200.1 8620
40260.1 8680
40320.1 8700
40380.1 8540
40440.1 8640
40500.1 8640
40560.1 8640
40620.1 8580
40680.1 8660
40740.1 8740
40800.1 8800
40860.1 8880
40920.1 8880
40980.1 8860
41040.1 8960
41100.1 8860
41160.1 8800
41220.1 8860
41280.1 8980
41340.1 9040
41400.1 9180
41460.1 9120
41520.1 9180
41580.1 9120
41640.1 9180
41700.1 9140
41760.1 9160
41820.1 9200
41880.1 9200
41940.1 9300
42000.1 9240
42060.1 9240
42120.1 9240
42180.1 9180
42240.1 9140
42300.1 9240
42360.1 9220
42420.1 9300
42480.1 9400
42540.1 9520
42600.1 9620
42660.1 9720
42720.1 9800
42780.1 9820
42840.1 9880
42900.1 9860
42960.1 9900
43020.1 9760
43080.1 9740
43140.1 9720
43200.1 9640
43260.1 9820
43320.1 9900
43380.1 10040
43440.1 10040
43500.1 10020
43560.1 9920
43620.1 9780
43680.1 9820
43740.1 9820
43800.1 9860
43860.1 9860
43920.1 9820
43980.1 9840
44040.1 9860
44100.1 9900
44160.1 9900
44220.1 9840
44280.1 9760
44340.1 9740
44400.1 9880
44460.1 9800
44520.1 9700
44580.1 9660
44640.1 9620
44700.1 9780
44760.1 9600
44820.1 9540
44880.1 9600
44940.1 9700
45000.1 9780
45060.1 9860
45120.1 9960
45180.1 9800
45240.1 9900
45300.1 10080
45360.1 10080
45420.1 10000
45480.1 9960
45540.1 9920
45600.1 10020
45660.1 10080
45720.1 10020
45780.1 10060
45840.1 10020
45900.1 9920
45960.1 10140
46020.1 10120
46080.1 10200
46140.1 10140
46200.1 10180
46260.1 10220
46320.1 10200
46380.1 10120
46440.1 9980
46500.1 9980
46560.1 9980
46620.1 9940
46680.1 9840
46740.1 9780
46800.1 9900
46860.1 9980
46920.1 10040
46980.1 10040
47040.1 10020
47100.1 10080
47160.1 9880
47220.1 9840
47280.1 9660
47340.1 9640
47400.1 9680
47460.1 9780
47520.1 9800
47580.1 9800
47640.1 9860
47700.1 9920
47760.1 9980
47820.1 9920
47880.1 9940
47940.1 9960
48000.1 10000
48060.1 10120
48120.1 10260
48180.1 10260
48240.1 10200
48300.1 10320
48360.1 10400
48420.1 10480
48480.1 10420
48540.1 10460
48600.1 10480
48660.1 10520
48720.1 10580
48780.1 10580
48840.1 10760
48900.1 10820
48960.1 10860
49020.1 10820
49080.1 10780
49140.1 10820
49200.1 10740
49260.1 10680
49320.1 10780
49380.1 10760
49440.1 10620
49500.1 10680
49560.1 10800
49620.1 10800
49680.1 10760
49740.1 10740
49800.1 10680
49860.1 10680
49920.1 10500
49980.1 10540
50040.1 10520
50100.1 10400
50160.1 10540
50220.1 10600
50280.1 10540
50340.1 10600
50400.1 10540
50460.1 10640
50520.1 10700
50580.1 10640
50640.1 10740
50700.1 10680
50760.1 10580
50820.1 10540
50880.1 10600
50940.1 10380
51000.1 10500
51060.1 10600
51120.1 10600
51180.1 10520
51240.1 10480
51300.1 10520
51360.1 10480
51420.1 10460
51480.1 10440
51540.1 10260
51600.1 10320
51660.1 10320
51720.1 10340
51780.1 10300
51840.1 10380
51900.1 10320
51960.1 10280
52020.1 10260
52080.1 10180
52140.1 10300
52200.1 10180
52260.1 10240
52320.1 10300
52380.1 10260
52440.1 10340
52500.1 10300
52560.1 10320
52620.1 10240
52680.1 10220
52740.1 10220
52800.1 10220
52860.1 10200
52920.1 10300
52980.1 10220
53040.1 10240
53100.1 10160
53160.1 10100
53220.1 10020
53280.1 10000
53340.1 10240
53400.1 10320
53460.1 10240
53520.1 10240
53580.1 10260
53640.1 10240
53700.1 10340
53760.1 10440
53820.1 10480
53880.1 10580
53940.1 10640
54000.1 10520
54060.1 10580
54120.1 10540
54180.1 10580
54240.1 10620
54300.1 10720
54360.1 10580
54420.1 10480
54480.1 10480
54540.1 10480
54600.1 10360
54660.1 10340
54720.1 10320
54780.1 10440
54840.1 10480
54900.1 10320
54960.1 10240
55020.1 10340
55080.1 10300
55140.1 10300
55200.1 10160
55260.1 10100
55320.1 10160
55380.1 10140
55440.1 10220
55500.1 10220
55560.1 10160
55620.1 10220
55680.1 10180
55740.1 10100
55800.1 10000
55860.1 10040
55920.1 10040
55980.1 9980
56040.1 9960
56100.1 9980
56160.1 9980
56220.1 9960
56280.1 10060
56340.1 10180
56400.1 10220
56460.1 10220
56520.1 10220
56580.1 10220
56640.1 10200
56700.1 10240
56760.1 10320
56820.1 10340
56880.1 10420
56940.1 10420
57000.1 10400
57060.1 10360
57120.1 10520
57180.1 10580
57240.1 10660
57300.1 10660
57360.1 10680
57420.1 10700
57480.1 10520
57540.1 10400
57600.1 10440
57660.1 10460
57720.1 10660
57780.1 10740
57840.1 10800
57900.1 10760
57960.1 10600
58020.1 10700
58080.1 10780
58140.1 10800
58200.1 10760
58260.1 10680
58320.1 10740
58380.1 10860
58440.1 10860
58500.1 10780
58560.1 10880
58620.1 10920
58680.1 10960
58740.1 11060
58800.1 11000
58860.1 10960
58920.1 10900
58980.1 10740
59040.1 10720
59100.1 10760
59160.1 10780
59220.1 10720
59280.1 10580
59340.1 10600
59400.1 10700
59460.1 10740
59520.1 10840
59580.1 10740
59640.1 10660
59700.1 10620
59760.1 10660
59820.1 10600
59880.1 10400
59940.1 10360
60000.1 10260
60060.1 10100
60120.1 10180
60180.1 10100
60240.1 10180
60300.1 10160
60360.1 10180
60420.1 10180
60480.1 10160
60540.1 10260
60600.1 10260
60660.1 10160
60720.1 10100
60780.1 10260
60840.1 10300
60900.1 10300
60960.1 10340
61020.1 10420
61080.1 10420
61140.1 10420
61200.1 10320
61260.1 10340
61320.1 10280
61380.1 10380
61440.1 10560
61500.1 10620
61560.1 10540
61620.1 10600
61680.1 10440
61740.1 10500
61800.1 10480
61860.1 10420
61920.1 10440
61980.1 10380
62040.1 10440
62100.1 10460
62160.1 10340
62220.1 10300
62280.1 10340
62340.1 10360
62400.1 10300
62460.1 10360
62520.1 10380
62580.1 10440
62640.1 10560
62700.1 10620
62760.1 10580
62820.1 10460
62880.1 10420
62940.1 10500
63000.1 10460
63060.1 10600
63120.1 10540
63180.1 10580
63240.1 10560
63300.1 10560
63360.1 10480
63420.1 10540
63480.1 10560
63540.1 10580
63600.1 10600
63660.1 10620
63720.1 10540
63780.1 10660
63840.1 10760
63900.1 10740
63960.1 10780
64020.1 10880
64080.1 10980
64140.1 10960
64200.1 11060
64260.1 11120
64320.1 11160
64380.1 11200
64440.1 11180
64500.1 11140
64560.1 11180
64620.1 11100
64680.1 11220
64740.1 11240
64800.1 11160
64860.1 11200
64920.1 11160
64980.1 11220
