0.1 40
0.1 40
0.1 40
0.1 40
60.1 120
120.1 12740
180.1 500
240.1 440
300.1 475
360.1 1055
420.1 670
480.1 1070
540.1 1270
600.1 1090
660.1 785
720.1 745
780.1 585
840.1 625
900.1 585
960.1 580
1020.1 575
1080.1 735
1140.1 615
1200.1 575
1260.1 575
1320.1 575
1380.1 565
1440.1 565
1500.1 560
1560.1 720
1620.1 545
1680.1 530
1740.1 730
1800.1 530
1860.1 525
1920.1 510
1980.1 510
2040.1 530
2100.1 560
2160.1 480
2220.1 480
2280.1 470
2340.1 615
2400.1 615
2460.1 450
2520.1 450
2580.1 500
2640.1 620
2700.1 425
2760.1 645
2820.1 410
2880.1 410
2940.1 395
3000.1 555
3060.1 395
3120.1 395
3180.1 395
3240.1 395
3300.1 400
3360.1 540
3420.1 420
3480.1 520
3540.1 360
3600.1 345
3660.1 330
3720.1 510
3780.1 290
3840.1 270
3900.1 430
3960.1 270
4020.1 270
4080.1 270
4140.1 270
4200.1 270
4260.1 270
4320.1 270
4380.1 270
4440.1 270
4500.1 270
4560.1 270
4620.1 270
4680.1 270
4740.1 270
4800.1 270
4860.1 270
4920.1 270
4980.1 270
5040.1 270
5100.1 270
5160.1 270
5220.1 270
5280.1 270
5340.1 270
5400.1 270
5460.1 270
5520.1 270
5580.1 290
5640.1 270
5700.1 270
5760.1 270
5820.1 270
5880.1 270
5940.1 270
6000.1 270
6060.1 270
6120.1 270
6180.1 270
6240.1 270
6300.1 270
6360.1 270
6420.1 270
6480.1 270
6540.1 270
6600.1 270
6660.1 270
6720.1 270
6780.1 270
6840.1 270
6900.1 270
6960.1 270
7020.1 270
7080.1 270
7140.1 270
7200.1 270
7260.1 270
7320.1 270
7380.1 270
7440.1 270
7500.1 270
7560.1 270
7620.1 270
7680.1 270
7740.1 270
7800.1 270
7860.1 270
7920.1 270
7980.1 270
8040.1 270
8100.1 270
8160.1 270
8220.1 270
8280.1 270
8340.1 270
8400.1 270
8460.1 270
8520.1 270
8580.1 270
8640.1 270
8700.1 270
8760.1 270
8820.1 270
8880.1 270
8940.1 270
9000.1 270
9060.1 270
9120.1 270
9180.1 270
9240.1 270
9300.1 270
9360.1 270
9420.1 270
9480.1 270
9540.1 270
9600.1 270
9660.1 270
9720.1 270
9780.1 270
9840.1 270
9900.1 270
9960.1 270
10020.1 270
10080.1 270
10140.1 270
10200.1 270
10260.1 270
10320.1 270
10380.1 270
10440.1 270
10500.1 270
10560.1 270
10620.1 270
10680.1 270
10740.1 270
10800.1 270
10860.1 270
10920.1 270
10980.1 270
11040.1 270
11100.1 270
11160.1 270
11220.1 270
11280.1 270
11340.1 270
11400.1 270
11460.1 270
11520.1 270
11580.1 270
11640.1 270
11700.1 270
11760.1 270
11820.1 270
11880.1 270
11940.1 270
12000.1 270
12060.1 270
12120.1 270
12180.1 270
12240.1 270
12300.1 270
12360.1 270
12420.1 270
12480.1 270
12540.1 270
12600.1 270
12660.1 270
12720.1 270
12780.1 270
12840.1 270
12900.1 270
12960.1 270
13020.1 270
13080.1 270
13140.1 270
13200.1 270
13260.1 270
13320.1 270
13380.1 270
13440.1 270
13500.1 270
13560.1 270
13620.1 270
13680.1 270
13740.1 270
13800.1 270
13860.1 270
13920.1 270
13980.1 270
14040.1 270
14100.1 270
14160.1 270
14220.1 270
14280.1 270
14340.1 270
14400.1 270
14460.1 270
14520.1 270
14580.1 270
14640.1 270
14700.1 270
14760.1 270
14820.1 270
14880.1 270
14940.1 270
15000.1 270
15060.1 270
15120.1 270
15180.1 270
15240.1 270
15300.1 270
15360.1 270
15420.1 270
15480.1 270
15540.1 270
15600.1 270
15660.1 270
15720.1 270
15780.1 270
15840.1 270
15900.1 270
15960.1 270
16020.1 270
16080.1 270
16140.1 270
16200.1 270
16260.1 270
16320.1 270
16380.1 270
16440.1 270
16500.1 270
16560.1 270
16620.1 270
16680.1 270
16740.1 270
16800.1 270
16860.1 270
16920.1 270
16980.1 270
17040.1 270
17100.1 270
17160.1 270
17220.1 270
17280.1 270
17340.1 270
17400.1 270
17460.1 270
17520.1 270
17580.1 270
17640.1 270
17700.1 270
17760.1 270
17820.1 270
17880.1 270
17940.1 270
18000.1 270
18060.1 270
18120.1 270
18180.1 270
18240.1 270
18300.1 270
18360.1 270
18420.1 270
18480.1 270
18540.1 270
18600.1 270
18660.1 270
18720.1 270
18780.1 270
18840.1 270
18900.1 270
18960.1 270
19020.1 270
19080.1 270
19140.1 270
19200.1 270
19260.1 270
19320.1 270
19380.1 270
19440.1 270
19500.1 270
19560.1 270
19620.1 270
19680.1 270
19740.1 270
19800.1 270
19860.1 270
19920.1 270
19980.1 270
20040.1 270
20100.1 270
20160.1 270
20220.1 270
20280.1 270
20340.1 270
20400.1 270
20460.1 270
20520.1 270
20580.1 270
20640.1 270
20700.1 270
20760.1 270
20820.1 270
20880.1 270
20940.1 270
21000.1 270
21060.1 270
21120.1 270
21180.1 270
21240.1 270
21300.1 270
21360.1 270
21420.1 270
21480.1 270
21540.1 270
21600.1 270
21660.1 270
21720.1 270
21780.1 270
21840.1 270
21900.1 270
21960.1 270
22020.1 270
22080.1 270
22140.1 270
22200.1 270
22260.1 270
22320.1 270
22380.1 270
22440.1 270
22500.1 270
22560.1 270
22620.1 270
22680.1 270
22740.1 270
22800.1 270
22860.1 270
22920.1 270
22980.1 270
23040.1 270
23100.1 270
23160.1 270
23220.1 270
23280.1 270
23340.1 270
23400.1 270
23460.1 270
23520.1 270
23580.1 270
23640.1 270
23700.1 270
23760.1 270
23820.1 270
23880.1 270
23940.1 270
24000.1 270
24060.1 270
24120.1 270
24180.1 270
24240.1 270
24300.1 270
24360.1 270
24420.1 270
24480.1 270
24540.1 270
24600.1 270
24660.1 270
24720.1 270
24780.1 270
24840.1 270
24900.1 270
24960.1 270
25020.1 270
25080.1 270
25140.1 270
25200.1 270
25260.1 270
25320.1 270
25380.1 270
25440.1 270
25500.1 270
25560.1 270
25620.1 270
25680.1 270
25740.1 270
25800.1 270
25860.1 270
25920.1 270
25980.1 270
26040.1 270
26100.1 270
26160.1 270
26220.1 270
26280.1 270
26340.1 270
26400.1 270
26460.1 270
26520.1 270
26580.1 270
26640.1 270
26700.1 270
26760.1 270
26820.1 270
26880.1 270
26940.1 270
27000.1 270
27060.1 270
27120.1 270
27180.1 270
27240.1 270
27300.1 270
27360.1 270
27420.1 270
27480.1 270
27540.1 270
27600.1 270
27660.1 270
27720.1 270
27780.1 270
27840.1 270
27900.1 270
27960.1 270
28020.1 270
28080.1 270
28140.1 270
28200.1 270
28260.1 270
28320.1 270
28380.1 270
28440.1 270
28500.1 270
28560.1 270
28620.1 270
28680.1 270
28740.1 270
28800.1 270
28860.1 270
28920.1 270
28980.1 270
29040.1 270
29100.1 270
29160.1 270
29220.1 270
29280.1 270
29340.1 270
29400.1 270
29460.1 270
29520.1 270
29580.1 270
29640.1 270
29700.1 270
29760.1 270
29820.1 270
29880.1 270
29940.1 270
30000.1 270
30060.1 270
30120.1 270
30180.1 270
30240.1 270
30300.1 270
30360.1 270
30420.1 270
30480.1 270
30540.1 270
30600.1 270
30660.1 270
30720.1 270
30780.1 270
30840.1 270
30900.1 270
30960.1 270
31020.1 270
31080.1 270
31140.1 270
31200.1 270
31260.1 270
31320.1 270
31380.1 270
31440.1 270
31500.1 270
31560.1 270
31620.1 270
31680.1 270
31740.1 270
31800.1 270
31860.1 270
31920.1 270
31980.1 270
32040.1 270
32100.1 270
32160.1 270
32220.1 270
32280.1 270
32340.1 270
32400.1 270
32460.1 270
32520.1 270
32580.1 270
32640.1 270
32700.1 270
32760.1 270
32820.1 270
32880.1 270
32940.1 270
33000.1 270
33060.1 270
33120.1 270
33180.1 270
33240.1 270
33300.1 270
33360.1 270
33420.1 270
33480.1 270
33540.1 270
33600.1 270
33660.1 270
33720.1 270
33780.1 270
33840.1 270
33900.1 270
33960.1 270
34020.1 270
34080.1 270
34140.1 270
34200.1 270
34260.1 270
34320.1 270
34380.1 270
34440.1 270
34500.1 270
34560.1 270
34620.1 270
34680.1 270
34740.1 270
34800.1 270
34860.1 270
34920.1 270
34980.1 270
35040.1 270
35100.1 270
35160.1 270
35220.1 270
35280.1 270
35340.1 270
35400.1 270
35460.1 270
35520.1 270
35580.1 270
35640.1 270
35700.1 270
35760.1 270
35820.1 270
35880.1 270
35940.1 270
36000.1 270
36060.1 270
36120.1 270
36180.1 270
36240.1 270
36300.1 270
36360.1 270
36420.1 270
36480.1 270
36540.1 270
36600.1 270
36660.1 270
36720.1 270
36780.1 270
36840.1 270
36900.1 270
36960.1 270
37020.1 270
37080.1 270
37140.1 270
37200.1 270
37260.1 270
37320.1 270
37380.1 270
37440.1 270
37500.1 270
37560.1 270
37620.1 270
37680.1 270
37740.1 270
37800.1 270
37860.1 270
37920.1 270
37980.1 270
38040.1 270
38100.1 270
38160.1 270
38220.1 270
38280.1 270
38340.1 270
38400.1 270
38460.1 270
38520.1 270
38580.1 270
38640.1 270
38700.1 270
38760.1 270
38820.1 270
38880.1 270
38940.1 270
39000.1 270
39060.1 270
39120.1 270
39180.1 270
39240.1 270
39300.1 270
39360.1 270
39420.1 270
39480.1 270
39540.1 270
39600.1 270
39660.1 270
39720.1 270
39780.1 270
39840.1 270
39900.1 270
39960.1 270
40020.1 270
40080.1 270
40140.1 270
40200.1 270
40260.1 270
40320.1 270
40380.1 270
40440.1 270
40500.1 270
40560.1 270
40620.1 270
40680.1 270
40740.1 270
40800.1 270
40860.1 270
40920.1 270
40980.1 270
41040.1 270
41100.1 270
41160.1 270
41220.1 270
41280.1 270
41340.1 270
41400.1 270
41460.1 270
41520.1 270
41580.1 270
41640.1 270
41700.1 270
41760.1 270
41820.1 270
41880.1 270
41940.1 270
42000.1 270
42060.1 270
42120.1 270
42180.1 270
42240.1 270
42300.1 270
42360.1 270
42420.1 270
42480.1 270
42540.1 270
42600.1 270
42660.1 270
42720.1 270
42780.1 270
42840.1 270
42900.1 270
42960.1 270
43020.1 270
43080.1 270
43140.1 270
43200.1 270
43260.1 270
43320.1 270
43380.1 270
43440.1 270
43500.1 270
43560.1 270
43620.1 270
43680.1 270
43740.1 270
43800.1 270
43860.1 270
43920.1 270
43980.1 270
44040.1 270
44100.1 270
44160.1 270
44220.1 270
44280.1 270
44340.1 270
44400.1 270
44460.1 270
44520.1 270
44580.1 270
44640.1 270
44700.1 270
44760.1 270
44820.1 270
44880.1 270
44940.1 270
45000.1 270
45060.1 270
45120.1 270
45180.1 270
45240.1 270
45300.1 270
45360.1 270
45420.1 270
45480.1 270
45540.1 270
45600.1 270
45660.1 270
45720.1 270
45780.1 270
45840.1 270
45900.1 270
45960.1 270
46020.1 270
46080.1 270
46140.1 270
46200.1 270
46260.1 270
46320.1 270
46380.1 270
46440.1 270
46500.1 270
46560.1 270
46620.1 270
46680.1 270
46740.1 270
46800.1 270
46860.1 270
46920.1 270
46980.1 270
47040.1 270
47100.1 270
47160.1 270
47220.1 270
47280.1 270
47340.1 270
47400.1 270
47460.1 270
47520.1 270
47580.1 270
47640.1 270
47700.1 270
47760.1 270
47820.1 270
47880.1 270
47940.1 270
48000.1 270
48060.1 270
48120.1 270
48180.1 270
48240.1 270
48300.1 270
48360.1 270
48420.1 270
48480.1 270
48540.1 270
48600.1 270
48660.1 270
48720.1 270
48780.1 270
48840.1 270
48900.1 270
48960.1 270
49020.1 270
49080.1 270
49140.1 270
49200.1 270
49260.1 270
49320.1 270
49380.1 270
49440.1 270
49500.1 270
49560.1 270
49620.1 270
49680.1 270
49740.1 270
49800.1 270
49860.1 270
49920.1 270
49980.1 270
50040.1 270
50100.1 270
50160.1 270
50220.1 270
50280.1 270
50340.1 270
50400.1 270
50460.1 270
50520.1 270
50580.1 270
50640.1 270
50700.1 270
50760.1 270
50820.1 270
50880.1 270
50940.1 270
51000.1 270
51060.1 270
51120.1 270
51180.1 270
51240.1 270
51300.1 270
51360.1 270
51420.1 270
51480.1 270
51540.1 270
51600.1 270
51660.1 270
51720.1 270
51780.1 270
51840.1 270
51900.1 270
51960.1 270
52020.1 270
52080.1 270
52140.1 270
52200.1 270
52260.1 270
52320.1 270
52380.1 270
52440.1 270
52500.1 270
52560.1 270
52620.1 270
52680.1 270
52740.1 270
52800.1 270
52860.1 270
52920.1 270
52980.1 270
53040.1 270
53100.1 270
53160.1 270
53220.1 270
53280.1 270
53340.1 270
53400.1 270
53460.1 270
53520.1 270
53580.1 270
53640.1 270
53700.1 270
53760.1 270
53820.1 270
53880.1 270
53940.1 270
54000.1 270
54060.1 270
54120.1 270
54180.1 270
54240.1 270
54300.1 270
54360.1 270
54420.1 270
54480.1 270
54540.1 270
54600.1 270
54660.1 270
54720.1 270
54780.1 270
54840.1 270
54900.1 270
54960.1 270
55020.1 270
55080.1 270
55140.1 270
55200.1 270
55260.1 270
55320.1 270
55380.1 270
55440.1 270
55500.1 270
55560.1 270
55620.1 270
55680.1 270
55740.1 270
55800.1 270
55860.1 270
55920.1 270
55980.1 270
56040.1 270
56100.1 270
56160.1 270
56220.1 270
56280.1 270
56340.1 270
56400.1 270
56460.1 270
56520.1 270
56580.1 270
56640.1 270
56700.1 270
56760.1 270
56820.1 270
56880.1 270
56940.1 270
57000.1 270
57060.1 270
57120.1 270
57180.1 270
57240.1 270
57300.1 270
57360.1 270
57420.1 270
57480.1 270
57540.1 270
57600.1 270
57660.1 270
57720.1 270
57780.1 270
57840.1 270
57900.1 270
57960.1 270
58020.1 270
58080.1 270
58140.1 270
58200.1 270
58260.1 270
58320.1 270
58380.1 270
58440.1 270
58500.1 270
58560.1 270
58620.1 270
58680.1 270
58740.1 270
58800.1 270
58860.1 270
58920.1 270
58980.1 270
59040.1 270
59100.1 270
59160.1 270
59220.1 270
59280.1 270
59340.1 270
59400.1 270
59460.1 270
59520.1 270
59580.1 270
59640.1 270
59700.1 270
59760.1 270
59820.1 270
59880.1 270
59940.1 270
60000.1 270
60060.1 270
60120.1 270
60180.1 270
60240.1 270
60300.1 270
60360.1 270
60420.1 270
60480.1 270
60540.1 270
60600.1 270
60660.1 270
60720.1 270
60780.1 270
60840.1 270
60900.1 270
60960.1 270
61020.1 270
61080.1 270
61140.1 270
61200.1 270
61260.1 270
61320.1 270
61380.1 270
61440.1 270
61500.1 270
61560.1 270
61620.1 270
61680.1 270
61740.1 270
61800.1 270
61860.1 270
61920.1 270
61980.1 270
62040.1 270
62100.1 270
62160.1 270
62220.1 270
62280.1 270
62340.1 270
62400.1 270
62460.1 270
62520.1 270
62580.1 270
62640.1 270
62700.1 270
62760.1 270
62820.1 270
62880.1 270
62940.1 270
63000.1 270
63060.1 270
63120.1 270
63180.1 270
63240.1 270
63300.1 270
63360.1 270
63420.1 270
63480.1 270
63540.1 270
63600.1 270
63660.1 270
63720.1 270
63780.1 270
63840.1 270
63900.1 270
63960.1 270
64020.1 270
64080.1 270
64140.1 270
64200.1 270
64260.1 270
64320.1 270
64380.1 270
64440.1 270
64500.1 270
64560.1 270
64620.1 270
64680.1 270
64740.1 270
64800.1 270
64860.1 270
64920.1 270
64980.1 270
65040.1 270
65100.1 270
65160.1 270
65220.1 270
65280.1 270
65340.1 270
65400.1 270
65460.1 270
65520.1 270
65580.1 270
65640.1 270
65700.1 270
65760.1 270
65820.1 270
65880.1 270
65940.1 270
66000.1 270
66060.1 270
66120.1 270
66180.1 270
66240.1 270
66300.1 270
66360.1 270
66420.1 270
66480.1 270
66540.1 270
66600.1 270
66660.1 270
66720.1 270
66780.1 270
66840.1 270
66900.1 270
66960.1 270
67020.1 270
67080.1 270
67140.1 270
67200.1 270
67260.1 270
67320.1 270
67380.1 270
67440.1 270
67500.1 270
67560.1 270
67620.1 270
67680.1 270
67740.1 270
67800.1 270
67860.1 270
67920.1 270
67980.1 270
68040.1 270
68100.1 270
68160.1 270
68220.1 270
68280.1 270
68340.1 270
68400.1 270
68460.1 270
68520.1 270
68580.1 270
68640.1 270
68700.1 270
68760.1 270
68820.1 270
68880.1 270
68940.1 270
69000.1 270
69060.1 270
69120.1 270
69180.1 270
69240.1 270
69300.1 270
69360.1 270
69420.1 270
69480.1 270
69540.1 270
69600.1 270
69660.1 270
69720.1 270
69780.1 270
69840.1 270
69900.1 270
69960.1 270
70020.1 270
70080.1 270
70140.1 270
70200.1 270
70260.1 270
70320.1 270
70380.1 270
70440.1 270
70500.1 270
70560.1 270
70620.1 270
70680.1 270
70740.1 270
70800.1 270
70860.1 270
70920.1 270
70980.1 270
71040.1 270
71100.1 270
71160.1 270
71220.1 270
71280.1 270
71340.1 270
71400.1 270
71460.1 270
71520.1 270
71580.1 270
71640.1 270
71700.1 270
71760.1 270
71820.1 270
71880.1 270
71940.1 270
72000.1 270
72060.1 270
72120.1 270
72180.1 270
72240.1 270
72300.1 270
72360.1 270
72420.1 270
72480.1 270
72540.1 270
72600.1 270
72660.1 270
72720.1 270
72780.1 270
72840.1 270
72900.1 270
72960.1 270
73020.1 270
73080.1 270
73140.1 270
73200.1 270
73260.1 270
73320.1 270
73380.1 270
73440.1 270
73500.1 270
73560.1 270
73620.1 270
73680.1 270
73740.1 270
73800.1 270
73860.1 270
73920.1 270
73980.1 270
74040.1 270
74100.1 270
74160.1 270
74220.1 270
74280.1 270
74340.1 270
74400.1 270
74460.1 270
74520.1 270
74580.1 270
74640.1 270
74700.1 270
74760.1 270
74820.1 270
74880.1 270
74940.1 270
75000.1 270
75060.1 270
75120.1 270
75180.1 270
75240.1 270
75300.1 270
75360.1 270
75420.1 270
75480.1 270
75540.1 270
75600.1 270
75660.1 270
75720.1 270
75780.1 270
75840.1 270
75900.1 270
75960.1 270
76020.1 270
76080.1 270
76140.1 270
76200.1 270
76260.1 270
76320.1 270
76380.1 270
76440.1 270
76500.1 270
76560.1 270
76620.1 270
76680.1 270
76740.1 270
76800.1 270
76860.1 270
76920.1 270
76980.1 270
77040.1 270
77100.1 270
77160.1 270
77220.1 270
77280.1 270
77340.1 270
77400.1 270
77460.1 270
77520.1 270
77580.1 270
77640.1 270
77700.1 270
77760.1 270
77820.1 270
77880.1 270
77940.1 270
78000.1 270
78060.1 270
78120.1 270
78180.1 270
78240.1 270
78300.1 270
78360.1 270
78420.1 270
78480.1 270
78540.1 270
78600.1 270
78660.1 270
78720.1 270
78780.1 270
78840.1 270
78900.1 270
78960.1 270
79020.1 270
79080.1 270
79140.1 270
79200.1 270
79260.1 270
79320.1 270
79380.1 270
79440.1 270
79500.1 270
79560.1 270
79620.1 270
79680.1 270
79740.1 270
79800.1 270
79860.1 270
79920.1 270
79980.1 270
80040.1 270
80100.1 270
80160.1 270
80220.1 270
80280.1 270
80340.1 270
80400.1 270
80460.1 270
80520.1 270
80580.1 270
80640.1 270
80700.1 270
80760.1 270
80820.1 270
80880.1 270
80940.1 270
81000.1 270
81060.1 270
81120.1 270
81180.1 270
81240.1 270
81300.1 270
81360.1 270
81420.1 270
81480.1 270
81540.1 270
81600.1 270
81660.1 270
81720.1 270
81780.1 270
81840.1 270
81900.1 270
81960.1 270
82020.1 270
82080.1 270
82140.1 270
82200.1 270
82260.1 270
82320.1 270
82380.1 270
82440.1 270
82500.1 270
82560.1 270
82620.1 270
82680.1 270
82740.1 270
82800.1 270
82860.1 270
82920.1 270
82980.1 270
83040.1 270
83100.1 270
83160.1 270
83220.1 270
83280.1 270
83340.1 270
83400.1 270
83460.1 270
83520.1 270
83580.1 270
83640.1 270
83700.1 270
83760.1 270
83820.1 270
83880.1 270
83940.1 270
84000.1 270
84060.1 270
84120.1 270
84180.1 270
84240.1 270
84300.1 270
84360.1 270
84420.1 270
84480.1 270
84540.1 270
84600.1 270
84660.1 270
84720.1 270
84780.1 270
84840.1 270
84900.1 270
84960.1 270
85020.1 270
85080.1 270
85140.1 270
85200.1 270
85260.1 270
85320.1 270
85380.1 270
85440.1 270
85500.1 270
85560.1 270
85620.1 270
85680.1 270
85740.1 270
85800.1 270
85860.1 270
85920.1 270
85980.1 270
86040.1 270
86100.1 270
86160.1 270
86220.1 270
86280.1 270
86340.1 270
86400.1 270
86460.1 270
86520.1 270
86580.1 270
86640.1 270
86700.1 270
86760.1 270
86820.1 270
86880.1 270
86940.1 270
87000.1 270
87060.1 270
87120.1 270
87180.1 270
87240.1 270
87300.1 270
87360.1 270
87420.1 270
87480.1 270
87540.1 270
87600.1 270
87660.1 270
87720.1 270
87780.1 270
87840.1 270
87900.1 270
87960.1 270
88020.1 270
88080.1 270
88140.1 270
88200.1 270
88260.1 270
88320.1 270
88380.1 270
88440.1 270
88500.1 270
88560.1 270
88620.1 270
88680.1 270
88740.1 270
88800.1 270
88860.1 270
88920.1 270
88980.1 270
89040.1 270
89100.1 270
89160.1 270
89220.1 270
89280.1 270
89340.1 270
89400.1 270
89460.1 270
89520.1 270
89580.1 270
89640.1 270
89700.1 270
89760.1 270
89820.1 270
89880.1 270
89940.1 270
90000.1 270
90060.1 270
90120.1 270
90180.1 270
90240.1 270
90300.1 270
90360.1 270
90420.1 270
90480.1 270
90540.1 270
90600.1 270
90660.1 270
90720.1 270
90780.1 270
90840.1 270
90900.1 270
90960.1 270
91020.1 270
91080.1 270
91140.1 270
91200.1 270
91260.1 270
91320.1 270
91380.1 270
91440.1 270
91500.1 270
91560.1 270
91620.1 270
91680.1 270
91740.1 270
91800.1 270
91860.1 270
91920.1 270
91980.1 270
92040.1 270
92100.1 270
92160.1 270
92220.1 270
92280.1 270
92340.1 270
92400.1 270
92460.1 270
92520.1 270
92580.1 270
92640.1 270
92700.1 270
92760.1 270
92820.1 270
92880.1 270
92940.1 270
93000.1 270
93060.1 270
93120.1 270
93180.1 270
93240.1 270
93300.1 270
93360.1 270
93420.1 270
93480.1 270
93540.1 270
93600.1 270
93660.1 270
93720.1 270
93780.1 270
93840.1 270
93900.1 270
93960.1 270
94020.1 270
94080.1 270
94140.1 270
94200.1 270
94260.1 270
94320.1 270
94380.1 270
94440.1 270
94500.1 270
94560.1 270
94620.1 270
94680.1 270
94740.1 270
94800.1 270
94860.1 270
94920.1 270
94980.1 270
95040.1 270
95100.1 270
95160.1 270
95220.1 270
95280.1 270
95340.1 270
95400.1 270
95460.1 270
95520.1 270
95580.1 270
95640.1 270
95700.1 270
95760.1 270
95820.1 270
95880.1 270
95940.1 270
96000.1 270
96060.1 270
96120.1 270
96180.1 270
96240.1 270
96300.1 270
96360.1 270
96420.1 270
96480.1 270
96540.1 270
96600.1 270
96660.1 270
96720.1 270
96780.1 270
96840.1 270
96900.1 270
96960.1 270
97020.1 270
97080.1 270
97140.1 270
97200.1 270
97260.1 270
97320.1 270
97380.1 270
97440.1 270
97500.1 270
97560.1 270
97620.1 270
97680.1 270
97740.1 270
97800.1 270
97860.1 270
97920.1 270
97980.1 270
98040.1 270
98100.1 270
98160.1 270
98220.1 270
98280.1 270
98340.1 270
98400.1 270
98460.1 270
98520.1 270
98580.1 270
98640.1 270
98700.1 270
98760.1 270
98820.1 270
98880.1 270
98940.1 270
99000.1 270
99060.1 270
99120.1 270
99180.1 270
99240.1 270
99300.1 270
99360.1 270
99420.1 270
99480.1 270
99540.1 270
99600.1 270
99660.1 270
99720.1 270
99780.1 270
99840.1 270
99900.1 270
99960.1 270
100020.1 270
100080.1 270
100140.1 270
100200.1 270
100260.1 270
100320.1 270
100380.1 270
100440.1 270
100500.1 270
100560.1 270
100620.1 270
100680.1 270
100740.1 270
100800.1 270
100860.1 270
100920.1 270
100980.1 270
101040.1 270
101100.1 270
101160.1 270
101220.1 270
101280.1 270
101340.1 270
101400.1 270
101460.1 270
101520.1 270
101580.1 270
101640.1 270
101700.1 270
101760.1 270
101820.1 270
101880.1 270
101940.1 270
102000.1 270
102060.1 270
102120.1 270
102180.1 270
102240.1 270
102300.1 270
102360.1 270
102420.1 270
102480.1 270
102540.1 270
102600.1 270
102660.1 270
102720.1 270
102780.1 270
102840.1 270
102900.1 270
102960.1 270
103020.1 270
103080.1 270
103140.1 270
103200.1 270
103260.1 270
103320.1 270
103380.1 270
103440.1 270
103500.1 270
103560.1 270
103620.1 270
103680.1 270
103740.1 270
103800.1 270
103860.1 270
103920.1 270
103980.1 270
104040.1 270
104100.1 270
104160.1 270
104220.1 270
104280.1 270
104340.1 270
104400.1 270
104460.1 270
104520.1 270
104580.1 270
104640.1 270
104700.1 270
104760.1 270
104820.1 270
104880.1 270
104940.1 270
105000.1 270
105060.1 270
105120.1 270
105180.1 270
105240.1 270
105300.1 270
105360.1 270
105420.1 270
105480.1 270
105540.1 270
105600.1 270
105660.1 270
105720.1 270
105780.1 270
105840.1 270
105900.1 270
105960.1 270
106020.1 270
106080.1 270
106140.1 270
106200.1 270
106260.1 270
106320.1 270
106380.1 270
106440.1 270
106500.1 270
106560.1 270
106620.1 270
106680.1 270
106740.1 270
106800.1 270
106860.1 270
106920.1 270
106980.1 270
107040.1 270
107100.1 270
107160.1 270
107220.1 270
107280.1 270
107340.1 270
107400.1 270
107460.1 270
107520.1 270
107580.1 270
107640.1 270
107700.1 270
107760.1 270
107820.1 270
107880.1 270
107940.1 270
108000.1 270
108060.1 270
108120.1 270
108180.1 270
108240.1 270
108300.1 270
108360.1 270
108420.1 270
108480.1 270
108540.1 270
108600.1 270
108660.1 270
108720.1 270
108780.1 270
108840.1 270
108900.1 270
108960.1 270
109020.1 270
109080.1 270
109140.1 270
109200.1 270
109260.1 270
109320.1 270
109380.1 270
109440.1 270
109500.1 270
109560.1 270
109620.1 270
109680.1 270
109740.1 270
109800.1 270
109860.1 270
109920.1 270
109980.1 270
110040.1 270
110100.1 270
110160.1 270
110220.1 270
110280.1 270
110340.1 270
110400.1 270
110460.1 270
110520.1 270
110580.1 270
110640.1 270
110700.1 270
110760.1 270
110820.1 270
110880.1 270
110940.1 270
111000.1 270
111060.1 270
111120.1 270
111180.1 270
111240.1 270
111300.1 270
111360.1 270
111420.1 270
111480.1 270
111540.1 270
111600.1 270
111660.1 270
111720.1 270
111780.1 270
111840.1 270
111900.1 270
111960.1 270
112020.1 270
112080.1 270
112140.1 270
112200.1 270
112260.1 270
112320.1 270
112380.1 270
112440.1 270
112500.1 270
112560.1 270
112620.1 270
112680.1 270
112740.1 270
112800.1 270
112860.1 270
112920.1 270
112980.1 270
113040.1 270
113100.1 270
113160.1 270
113220.1 270
113280.1 270
113340.1 270
113400.1 270
113460.1 270
113520.1 270
113580.1 270
113640.1 270
113700.1 270
113760.1 270
113820.1 270
113880.1 270
113940.1 270
114000.1 270
114060.1 270
114120.1 270
114180.1 270
114240.1 270
114300.1 270
114360.1 270
114420.1 270
114480.1 270
114540.1 270
114600.1 270
114660.1 270
114720.1 270
114780.1 270
114840.1 270
114900.1 270
114960.1 270
115020.1 270
115080.1 270
115140.1 270
115200.1 270
115260.1 270
115320.1 270
115380.1 270
115440.1 270
115500.1 270
115560.1 270
115620.1 270
115680.1 270
115740.1 270
115800.1 270
115860.1 270
115920.1 270
115980.1 270
116040.1 270
116100.1 270
116160.1 270
116220.1 270
116280.1 270
116340.1 270
116400.1 270
116460.1 270
116520.1 270
116580.1 270
116640.1 270
116700.1 270
116760.1 270
116820.1 270
116880.1 270
116940.1 270
117000.1 270
117060.1 270
117120.1 270
117180.1 270
117240.1 270
117300.1 270
117360.1 270
117420.1 270
117480.1 270
117540.1 270
117600.1 270
117660.1 270
117720.1 270
117780.1 270
117840.1 270
117900.1 270
117960.1 270
118020.1 270
118080.1 270
118140.1 270
118200.1 270
118260.1 270
118320.1 270
118380.1 270
118440.1 270
118500.1 270
118560.1 270
118620.1 270
118680.1 270
118740.1 270
118800.1 270
118860.1 270
118920.1 270
118980.1 270
119040.1 270
119100.1 270
119160.1 270
119220.1 270
119280.1 270
119340.1 270
119400.1 270
119460.1 270
119520.1 270
119580.1 270
119640.1 270
119700.1 270
119760.1 270
119820.1 270
119880.1 270
119940.1 270
120000.1 270
120060.1 270
120120.1 270
120180.1 270
120240.1 270
120300.1 270
120360.1 270
120420.1 270
120480.1 270
120540.1 270
120600.1 270
120660.1 270
120720.1 270
120780.1 270
120840.1 270
120900.1 270
120960.1 270
121020.1 270
121080.1 270
121140.1 270
121200.1 270
121260.1 270
121320.1 270
121380.1 270
121440.1 270
121500.1 270
121560.1 270
121620.1 270
121680.1 270
121740.1 270
121800.1 270
121860.1 270
121920.1 270
121980.1 270
122040.1 270
122100.1 270
122160.1 270
122220.1 270
122280.1 270
122340.1 270
122400.1 270
122460.1 270
122520.1 270
122580.1 270
122640.1 270
122700.1 270
122760.1 270
122820.1 270
122880.1 270
122940.1 270
123000.1 270
123060.1 270
123120.1 270
123180.1 270
123240.1 270
123300.1 270
123360.1 270
123420.1 270
123480.1 270
123540.1 270
123600.1 270
123660.1 270
123720.1 270
123780.1 270
123840.1 270
123900.1 270
123960.1 270
124020.1 270
124080.1 270
124140.1 270
124200.1 270
124260.1 270
124320.1 270
124380.1 270
124440.1 270
124500.1 270
124560.1 270
124620.1 270
124680.1 270
124740.1 270
124800.1 270
124860.1 270
124920.1 270
124980.1 270
125040.1 270
125100.1 270
125160.1 270
125220.1 270
125280.1 270
125340.1 270
125400.1 270
125460.1 270
125520.1 270
125580.1 270
125640.1 270
125700.1 270
125760.1 270
125820.1 270
125880.1 270
125940.1 270
126000.1 270
126060.1 270
126120.1 270
126180.1 270
126240.1 270
126300.1 270
126360.1 270
126420.1 270
126480.1 270
126540.1 270
126600.1 270
126660.1 270
126720.1 270
126780.1 270
126840.1 270
126900.1 270
126960.1 270
127020.1 270
127080.1 270
127140.1 270
127200.1 270
127260.1 270
127320.1 270
127380.1 270
127440.1 270
127500.1 270
127560.1 270
127620.1 270
127680.1 270
127740.1 270
127800.1 270
127860.1 270
127920.1 270
127980.1 270
128040.1 270
128100.1 270
128160.1 270
128220.1 270
128280.1 270
128340.1 270
128400.1 270
128460.1 270
128520.1 270
128580.1 270
128640.1 270
128700.1 270
128760.1 270
128820.1 270
128880.1 270
128940.1 270
129000.1 270
129060.1 270
129120.1 270
129180.1 270
129240.1 270
129300.1 270
129360.1 270
129420.1 270
129480.1 270
129540.1 270
129600.1 270
129660.1 270
129720.1 270
129780.1 270
129840.1 270
129900.1 270
129960.1 270
130020.1 270
130080.1 270
130140.1 270
130200.1 270
130260.1 270
130320.1 270
130380.1 270
130440.1 270
130500.1 270
130560.1 270
130620.1 270
130680.1 270
130740.1 270
130800.1 270
130860.1 270
130920.1 270
130980.1 270
131040.1 270
131100.1 270
131160.1 270
131220.1 270
131280.1 270
131340.1 270
131400.1 270
131460.1 270
131520.1 270
131580.1 270
131640.1 270
131700.1 270
131760.1 270
131820.1 270
131880.1 270
131940.1 270
132000.1 270
132060.1 270
132120.1 270
132180.1 270
132240.1 270
132300.1 270
132360.1 270
132420.1 270
132480.1 270
132540.1 270
132600.1 270
132660.1 270
132720.1 270
132780.1 270
132840.1 270
132900.1 270
132960.1 270
133020.1 270
133080.1 270
133140.1 270
133200.1 270
133260.1 270
133320.1 270
133380.1 270
133440.1 270
133500.1 270
133560.1 270
133620.1 270
133680.1 270
133740.1 270
133800.1 270
133860.1 270
133920.1 270
133980.1 270
134040.1 270
134100.1 270
134160.1 270
134220.1 270
134280.1 270
134340.1 270
134400.1 270
134460.1 270
134520.1 270
134580.1 270
134640.1 270
134700.1 270
134760.1 270
134820.1 270
134880.1 270
134940.1 270
135000.1 270
135060.1 270
135120.1 270
135180.1 270
135240.1 270
135300.1 270
135360.1 270
135420.1 270
135480.1 270
135540.1 270
135600.1 270
135660.1 270
135720.1 270
135780.1 270
135840.1 270
135900.1 270
135960.1 270
136020.1 270
136080.1 270
136140.1 270
136200.1 270
136260.1 270
136320.1 270
136380.1 270
136440.1 270
136500.1 270
136560.1 270
136620.1 270
136680.1 270
136740.1 270
136800.1 270
136860.1 270
136920.1 270
136980.1 270
137040.1 270
137100.1 270
137160.1 270
137220.1 270
137280.1 270
137340.1 270
137400.1 270
137460.1 270
137520.1 270
137580.1 270
137640.1 270
137700.1 270
137760.1 270
137820.1 270
137880.1 270
137940.1 270
138000.1 270
138060.1 270
138120.1 270
138180.1 270
138240.1 270
138300.1 270
138360.1 270
138420.1 270
138480.1 270
138540.1 270
138600.1 270
138660.1 270
138720.1 270
138780.1 270
138840.1 270
138900.1 270
138960.1 270
139020.1 270
139080.1 270
139140.1 270
139200.1 270
139260.1 270
139320.1 270
139380.1 270
139440.1 270
139500.1 270
139560.1 270
139620.1 270
139680.1 270
139740.1 270
139800.1 270
139860.1 270
139920.1 270
139980.1 270
140040.1 270
140100.1 270
140160.1 270
140220.1 270
140280.1 270
140340.1 270
140400.1 270
140460.1 270
140520.1 270
140580.1 270
140640.1 270
140700.1 270
140760.1 270
140820.1 270
140880.1 270
140940.1 270
141000.1 270
141060.1 270
141120.1 270
141180.1 270
141240.1 270
141300.1 270
141360.1 270
141420.1 270
141480.1 270
141540.1 270
141600.1 270
141660.1 270
141720.1 270
141780.1 270
141840.1 270
141900.1 270
141960.1 270
142020.1 270
142080.1 270
142140.1 270
142200.1 270
142260.1 270
142320.1 270
142380.1 270
142440.1 270
142500.1 270
142560.1 270
142620.1 270
142680.1 270
142740.1 270
142800.1 270
142860.1 270
142920.1 270
142980.1 270
143040.1 270
143100.1 270
143160.1 270
143220.1 270
143280.1 270
143340.1 270
143400.1 270
143460.1 270
143520.1 270
143580.1 270
143640.1 270
143700.1 270
143760.1 270
143820.1 270
143880.1 270
143940.1 270
144000.1 270
144060.1 270
144120.1 270
144180.1 270
144240.1 270
144300.1 270
144360.1 270
144420.1 270
144480.1 270
144540.1 270
144600.1 270
144660.1 270
144720.1 270
144780.1 270
144840.1 270
144900.1 270
144960.1 270
145020.1 270
145080.1 270
145140.1 270
145200.1 270
145260.1 270
145320.1 270
145380.1 270
145440.1 270
145500.1 270
145560.1 270
145620.1 270
145680.1 270
145740.1 270
145800.1 270
145860.1 270
145920.1 270
145980.1 270
146040.1 270
146100.1 270
146160.1 270
146220.1 270
146280.1 270
146340.1 270
146400.1 270
146460.1 270
146520.1 270
146580.1 270
146640.1 270
146700.1 270
146760.1 270
146820.1 270
146880.1 270
146940.1 270
147000.1 270
147060.1 270
147120.1 270
147180.1 270
147240.1 270
147300.1 270
147360.1 270
147420.1 270
147480.1 270
147540.1 270
147600.1 270
147660.1 270
147720.1 270
147780.1 270
147840.1 270
147900.1 270
147960.1 270
148020.1 270
148080.1 270
148140.1 270
148200.1 270
148260.1 270
148320.1 270
148380.1 270
148440.1 270
148500.1 270
148560.1 270
148620.1 270
148680.1 270
148740.1 270
148800.1 270
148860.1 270
148920.1 270
148980.1 270
149040.1 270
149100.1 270
149160.1 270
149220.1 270
149280.1 270
149340.1 270
149400.1 270
149460.1 270
149520.1 270
149580.1 270
149640.1 270
149700.1 270
149760.1 270
149820.1 270
149880.1 270
149940.1 270
150000.1 270
150060.1 270
150120.1 270
150180.1 270
150240.1 270
150300.1 270
150360.1 270
150420.1 270
150480.1 270
150540.1 270
150600.1 270
150660.1 270
150720.1 270
150780.1 270
150840.1 270
150900.1 270
150960.1 270
151020.1 270
151080.1 270
151140.1 270
151200.1 270
151260.1 270
151320.1 270
151380.1 270
151440.1 270
151500.1 270
151560.1 270
151620.1 270
151680.1 270
151740.1 270
151800.1 270
151860.1 270
151920.1 270
151980.1 270
152040.1 270
152100.1 270
152160.1 270
152220.1 270
152280.1 270
152340.1 270
152400.1 270
152460.1 270
152520.1 270
152580.1 270
152640.1 270
152700.1 270
152760.1 270
152820.1 270
152880.1 270
152940.1 270
153000.1 270
153060.1 270
153120.1 270
153180.1 270
153240.1 270
153300.1 270
153360.1 270
153420.1 270
153480.1 270
153540.1 270
153600.1 270
153660.1 270
153720.1 270
153780.1 270
153840.1 270
153900.1 270
153960.1 270
154020.1 270
154080.1 270
154140.1 270
154200.1 270
154260.1 270
154320.1 270
154380.1 270
154440.1 270
154500.1 270
154560.1 270
154620.1 270
154680.1 270
154740.1 270
154800.1 270
154860.1 270
154920.1 270
154980.1 270
155040.1 270
155100.1 270
155160.1 270
155220.1 270
155280.1 270
155340.1 270
155400.1 270
155460.1 270
155520.1 270
155580.1 270
155640.1 270
155700.1 270
155760.1 270
155820.1 270
155880.1 270
155940.1 270
156000.1 270
156060.1 270
156120.1 270
156180.1 270
156240.1 270
156300.1 270
156360.1 270
156420.1 270
156480.1 270
156540.1 270
156600.1 270
156660.1 270
156720.1 270
156780.1 270
156840.1 270
156900.1 270
156960.1 270
157020.1 270
157080.1 270
157140.1 270
157200.1 270
157260.1 270
157320.1 270
157380.1 270
157440.1 270
157500.1 270
157560.1 270
157620.1 270
157680.1 270
157740.1 270
157800.1 270
157860.1 270
157920.1 270
157980.1 270
158040.1 270
158100.1 270
158160.1 270
158220.1 270
158280.1 270
158340.1 270
158400.1 270
158460.1 270
158520.1 270
158580.1 270
158640.1 270
158700.1 270
158760.1 270
158820.1 270
158880.1 270
158940.1 270
159000.1 270
159060.1 270
159120.1 270
159180.1 270
159240.1 270
159300.1 270
159360.1 270
159420.1 270
159480.1 270
159540.1 270
159600.1 270
159660.1 270
159720.1 270
159780.1 270
159840.1 270
159900.1 270
159960.1 270
160020.1 270
160080.1 270
160140.1 270
160200.1 270
160260.1 270
160320.1 270
160380.1 270
160440.1 270
160500.1 270
160560.1 270
160620.1 270
160680.1 270
160740.1 270
160800.1 270
160860.1 270
160920.1 270
160980.1 270
161040.1 270
161100.1 270
161160.1 270
161220.1 270
161280.1 270
161340.1 270
161400.1 270
161460.1 270
161520.1 270
161580.1 270
161640.1 270
161700.1 270
161760.1 270
161820.1 270
161880.1 270
161940.1 270
162000.1 270
162060.1 270
162120.1 270
162180.1 270
162240.1 270
162300.1 270
162360.1 270
162420.1 270
162480.1 270
162540.1 270
162600.1 270
162660.1 270
162720.1 270
162780.1 270
162840.1 270
162900.1 270
162960.1 270
163020.1 270
163080.1 270
163140.1 270
163200.1 270
163260.1 270
163320.1 270
163380.1 270
163440.1 270
163500.1 270
163560.1 270
163620.1 270
163680.1 270
163740.1 270
163800.1 270
163860.1 270
163920.1 270
163980.1 270
164040.1 270
164100.1 270
164160.1 270
164220.1 270
164280.1 270
164340.1 270
164400.1 270
164460.1 270
164520.1 270
164580.1 270
164640.1 270
164700.1 270
164760.1 270
164820.1 270
164880.1 270
164940.1 270
165000.1 270
165060.1 270
165120.1 270
165180.1 270
165240.1 270
165300.1 270
165360.1 270
165420.1 270
165480.1 270
165540.1 270
165600.1 270
165660.1 270
165720.1 270
165780.1 270
165840.1 270
165900.1 270
165960.1 270
166020.1 270
166080.1 270
166140.1 270
166200.1 270
166260.1 270
166320.1 270
166380.1 270
166440.1 270
166500.1 270
166560.1 270
166620.1 270
166680.1 270
166740.1 270
166800.1 270
166860.1 270
166920.1 270
166980.1 270
167040.1 270
167100.1 270
167160.1 270
167220.1 270
167280.1 270
167340.1 270
167400.1 270
167460.1 270
167520.1 270
167580.1 270
167640.1 270
167700.1 270
167760.1 270
167820.1 270
167880.1 270
167940.1 270
168000.1 270
168060.1 270
168120.1 270
168180.1 270
168240.1 270
168300.1 270
168360.1 270
168420.1 270
168480.1 270
168540.1 270
168600.1 270
168660.1 270
168720.1 270
168780.1 270
168840.1 270
168900.1 270
168960.1 270
169020.1 270
169080.1 270
169140.1 270
169200.1 270
169260.1 270
169320.1 270
169380.1 270
169440.1 270
169500.1 270
169560.1 270
169620.1 270
169680.1 270
169740.1 270
169800.1 270
169860.1 270
169920.1 270
169980.1 270
170040.1 270
170100.1 270
170160.1 270
170220.1 270
170280.1 270
170340.1 270
170400.1 270
170460.1 270
170520.1 270
170580.1 270
170640.1 270
170700.1 270
170760.1 270
170820.1 270
170880.1 270
170940.1 270
171000.1 270
171060.1 270
171120.1 270
171180.1 270
171240.1 270
171300.1 270
171360.1 270
171420.1 270
171480.1 270
171540.1 270
171600.1 270
171660.1 270
171720.1 270
171780.1 270
171840.1 270
171900.1 270
171960.1 270
172020.1 270
172080.1 270
172140.1 270
172200.1 270
172260.1 270
172320.1 270
172380.1 270
172440.1 270
172500.1 270
172560.1 270
172620.1 270
172680.1 270
172740.1 270
172800.1 270
172860.1 270
172920.1 270
172980.1 270
173040.1 270
173100.1 270
173160.1 270
173220.1 270
173280.1 270
173340.1 270
173400.1 270
173460.1 270
173520.1 270
173580.1 270
173640.1 270
173700.1 270
173760.1 270
173820.1 270
173880.1 270
173940.1 270
174000.1 270
174060.1 270
174120.1 270
174180.1 270
174240.1 270
174300.1 270
174360.1 270
174420.1 270
174480.1 270
174540.1 270
174600.1 270
174660.1 270
174720.1 270
174780.1 270
174840.1 270
174900.1 270
174960.1 270
175020.1 270
175080.1 270
175140.1 270
175200.1 270
175260.1 270
175320.1 270
175380.1 270
175440.1 270
175500.1 270
175560.1 270
175620.1 270
175680.1 270
175740.1 270
175800.1 270
175860.1 270
175920.1 270
175980.1 270
176040.1 270
176100.1 270
176160.1 270
176220.1 270
176280.1 270
176340.1 270
176400.1 270
176460.1 270
176520.1 270
176580.1 270
176640.1 270
176700.1 270
176760.1 270
176820.1 270
176880.1 270
176940.1 270
177000.1 270
177060.1 270
177120.1 270
177180.1 270
177240.1 270
177300.1 270
177360.1 270
177420.1 270
177480.1 270
177540.1 270
177600.1 270
177660.1 270
177720.1 270
177780.1 270
177840.1 270
177900.1 270
177960.1 270
178020.1 270
178080.1 270
178140.1 270
178200.1 270
178260.1 270
178320.1 270
178380.1 270
178440.1 270
178500.1 270
178560.1 270
178620.1 270
178680.1 270
178740.1 270
178800.1 270
178860.1 270
178920.1 270
178980.1 270
179040.1 270
179100.1 270
179160.1 270
179220.1 270
179280.1 270
179340.1 270
179400.1 270
179460.1 270
179520.1 270
179580.1 270
179640.1 270
179700.1 270
179760.1 270
179820.1 270
179880.1 270
179940.1 270
180000.1 270
180060.1 270
180120.1 270
180180.1 270
180240.1 270
180300.1 270
180360.1 270
180420.1 270
180480.1 270
180540.1 270
180600.1 270
180660.1 270
180720.1 270
180780.1 270
180840.1 270
180900.1 270
180960.1 270
181020.1 270
181080.1 270
181140.1 270
181200.1 270
181260.1 270
181320.1 270
181380.1 270
181440.1 270
181500.1 270
181560.1 270
181620.1 270
181680.1 270
181740.1 270
181800.1 270
181860.1 270
181920.1 270
181980.1 270
182040.1 270
182100.1 270
182160.1 270
182220.1 270
182280.1 270
182340.1 270
182400.1 270
182460.1 270
182520.1 270
182580.1 270
182640.1 270
182700.1 270
182760.1 270
182820.1 270
182880.1 270
182940.1 270
183000.1 270
183060.1 270
183120.1 270
183180.1 270
183240.1 270
183300.1 270
183360.1 270
183420.1 270
183480.1 270
183540.1 270
183600.1 270
183660.1 270
183720.1 270
183780.1 270
183840.1 270
183900.1 270
183960.1 270
184020.1 270
184080.1 270
184140.1 270
184200.1 270
184260.1 270
184320.1 270
184380.1 270
184440.1 270
184500.1 270
184560.1 270
184620.1 270
184680.1 270
184740.1 270
184800.1 270
184860.1 270
184920.1 270
184980.1 270
185040.1 270
185100.1 270
185160.1 270
185220.1 270
185280.1 270
185340.1 270
185400.1 270
185460.1 270
185520.1 270
185580.1 270
185640.1 270
185700.1 270
185760.1 270
185820.1 270
185880.1 270
185940.1 270
186000.1 270
186060.1 270
186120.1 270
186180.1 270
186240.1 270
186300.1 270
186360.1 270
186420.1 270
186480.1 270
186540.1 270
186600.1 270
186660.1 270
186720.1 270
186780.1 270
186840.1 270
186900.1 270
186960.1 270
187020.1 270
187080.1 270
187140.1 270
187200.1 270
187260.1 270
187320.1 270
187380.1 270
187440.1 270
187500.1 270
187560.1 270
187620.1 270
187680.1 270
187740.1 270
187800.1 270
187860.1 270
187920.1 270
187980.1 270
188040.1 270
188100.1 270
188160.1 270
188220.1 270
188280.1 270
188340.1 270
188400.1 270
188460.1 270
188520.1 270
188580.1 270
188640.1 270
188700.1 270
188760.1 270
188820.1 270
188880.1 270
188940.1 270
189000.1 270
189060.1 270
189120.1 270
189180.1 270
189240.1 270
189300.1 270
189360.1 270
189420.1 270
189480.1 270
189540.1 270
189600.1 270
189660.1 270
189720.1 270
189780.1 270
189840.1 270
189900.1 270
189960.1 270
190020.1 270
190080.1 270
190140.1 270
190200.1 270
190260.1 270
190320.1 270
190380.1 270
190440.1 270
190500.1 270
190560.1 270
190620.1 270
190680.1 270
190740.1 270
190800.1 270
190860.1 270
190920.1 270
190980.1 270
191040.1 270
191100.1 270
191160.1 270
191220.1 270
191280.1 270
191340.1 270
191400.1 270
191460.1 270
191520.1 270
191580.1 270
191640.1 270
191700.1 270
191760.1 270
191820.1 270
191880.1 270
191940.1 270
192000.1 270
192060.1 270
192120.1 270
192180.1 270
192240.1 270
192300.1 270
192360.1 270
192420.1 270
192480.1 270
192540.1 270
192600.1 270
192660.1 270
192720.1 270
192780.1 270
192840.1 270
192900.1 270
192960.1 270
193020.1 270
193080.1 270
193140.1 270
193200.1 270
193260.1 270
193320.1 270
193380.1 270
193440.1 270
193500.1 270
193560.1 270
193620.1 270
193680.1 270
193740.1 270
193800.1 270
193860.1 270
193920.1 270
193980.1 270
194040.1 270
194100.1 270
194160.1 270
194220.1 270
194280.1 270
194340.1 270
194400.1 270
194460.1 270
194520.1 270
194580.1 270
194640.1 270
194700.1 270
194760.1 270
194820.1 270
194880.1 270
194940.1 270
195000.1 270
195060.1 270
195120.1 270
195180.1 270
195240.1 270
195300.1 270
195360.1 270
195420.1 270
195480.1 270
195540.1 270
195600.1 270
195660.1 270
195720.1 270
195780.1 270
195840.1 270
195900.1 270
195960.1 270
196020.1 270
196080.1 270
196140.1 270
196200.1 270
196260.1 270
196320.1 270
196380.1 270
196440.1 270
196500.1 270
196560.1 270
196620.1 270
196680.1 270
196740.1 270
196800.1 270
196860.1 270
196920.1 270
196980.1 270
197040.1 270
197100.1 270
197160.1 270
197220.1 270
197280.1 270
197340.1 270
197400.1 270
197460.1 270
197520.1 270
197580.1 270
197640.1 270
197700.1 270
197760.1 270
197820.1 270
197880.1 270
197940.1 270
198000.1 270
198060.1 270
198120.1 270
198180.1 270
198240.1 270
198300.1 270
198360.1 270
198420.1 270
198480.1 270
198540.1 270
198600.1 270
198660.1 270
198720.1 270
198780.1 270
198840.1 270
198900.1 270
198960.1 270
199020.1 270
199080.1 270
199140.1 270
199200.1 270
199260.1 270
199320.1 270
199380.1 270
199440.1 270
199500.1 270
199560.1 270
199620.1 270
199680.1 270
199740.1 270
199800.1 270
199860.1 270
199920.1 270
199980.1 270
200040.1 270
200100.1 270
200160.1 270
200220.1 270
200280.1 270
200340.1 270
200400.1 270
200460.1 270
200520.1 270
200580.1 270
200640.1 270
200700.1 270
200760.1 270
200820.1 270
200880.1 270
200940.1 270
201000.1 270
201060.1 270
201120.1 270
201180.1 270
201240.1 270
201300.1 270
201360.1 270
201420.1 270
201480.1 270
201540.1 270
201600.1 270
201660.1 270
201720.1 270
201780.1 270
201840.1 270
201900.1 270
201960.1 270
202020.1 270
202080.1 270
202140.1 270
202200.1 270
202260.1 270
202320.1 270
202380.1 270
202440.1 270
202500.1 270
202560.1 270
202620.1 270
202680.1 270
202740.1 270
202800.1 270
202860.1 270
202920.1 270
202980.1 270
203040.1 270
203100.1 270
203160.1 270
203220.1 270
203280.1 270
203340.1 270
203400.1 270
203460.1 270
203520.1 270
203580.1 270
203640.1 270
203700.1 270
203760.1 270
203820.1 270
203880.1 270
203940.1 270
204000.1 270
204060.1 270
204120.1 270
204180.1 270
204240.1 270
204300.1 270
204360.1 270
204420.1 270
204480.1 270
204540.1 270
204600.1 270
204660.1 270
204720.1 270
204780.1 270
204840.1 270
204900.1 270
204960.1 270
205020.1 270
205080.1 270
205140.1 270
205200.1 270
205260.1 270
205320.1 270
205380.1 270
205440.1 270
205500.1 270
205560.1 270
205620.1 270
205680.1 270
205740.1 270
205800.1 270
205860.1 270
205920.1 270
205980.1 270
206040.1 270
206100.1 270
206160.1 270
206220.1 270
206280.1 270
206340.1 270
206400.1 270
206460.1 270
206520.1 270
206580.1 270
206640.1 270
206700.1 270
206760.1 270
206820.1 270
206880.1 270
206940.1 270
207000.1 270
207060.1 270
207120.1 270
207180.1 270
207240.1 270
207300.1 270
207360.1 270
207420.1 270
207480.1 270
207540.1 270
207600.1 270
207660.1 270
207720.1 270
207780.1 270
207840.1 270
207900.1 270
207960.1 270
208020.1 270
208080.1 270
208140.1 270
208200.1 270
208260.1 270
208320.1 270
208380.1 270
208440.1 270
208500.1 270
208560.1 270
208620.1 270
208680.1 270
208740.1 270
208800.1 270
208860.1 270
208920.1 270
208980.1 270
209040.1 270
209100.1 270
209160.1 270
209220.1 270
209280.1 270
209340.1 270
209400.1 270
209460.1 270
209520.1 270
209580.1 270
209640.1 270
209700.1 270
209760.1 270
209820.1 270
209880.1 270
209940.1 270
210000.1 270
210060.1 270
210120.1 270
210180.1 270
210240.1 270
210300.1 270
210360.1 270
210420.1 270
210480.1 270
210540.1 270
210600.1 270
210660.1 270
210720.1 270
210780.1 270
210840.1 270
210900.1 270
210960.1 270
211020.1 270
211080.1 270
211140.1 270
211200.1 270
211260.1 270
211320.1 270
211380.1 270
211440.1 270
211500.1 270
211560.1 270
211620.1 270
211680.1 270
211740.1 270
211800.1 270
211860.1 270
211920.1 270
211980.1 270
212040.1 270
212100.1 270
212160.1 270
212220.1 270
212280.1 270
212340.1 270
212400.1 270
212460.1 270
212520.1 270
212580.1 270
212640.1 270
212700.1 270
212760.1 270
212820.1 270
212880.1 270
212940.1 270
213000.1 270
213060.1 270
213120.1 270
213180.1 270
213240.1 270
213300.1 270
213360.1 270
213420.1 270
213480.1 270
213540.1 270
213600.1 270
213660.1 270
213720.1 270
213780.1 270
213840.1 270
213900.1 270
213960.1 270
214020.1 270
214080.1 270
214140.1 270
214200.1 270
214260.1 270
214320.1 270
214380.1 270
214440.1 270
214500.1 270
214560.1 270
214620.1 270
214680.1 270
214740.1 270
214800.1 270
214860.1 270
214920.1 270
214980.1 270
215040.1 270
215100.1 270
215160.1 270
215220.1 270
215280.1 270
215340.1 270
215400.1 270
215460.1 270
215520.1 270
215580.1 270
215640.1 270
215700.1 270
215760.1 270
215820.1 270
215880.1 270
215940.1 270
216000.1 270
216060.1 270
216120.1 270
216180.1 270
216240.1 270
216300.1 270
216360.1 270
216420.1 270
216480.1 270
216540.1 270
216600.1 270
216660.1 270
216720.1 270
216780.1 270
216840.1 270
216900.1 270
216960.1 270
217020.1 270
217080.1 270
217140.1 270
217200.1 270
217260.1 270
217320.1 270
217380.1 270
217440.1 270
217500.1 270
217560.1 270
217620.1 270
217680.1 270
217740.1 270
217800.1 270
217860.1 270
217920.1 270
217980.1 270
218040.1 270
218100.1 270
218160.1 270
218220.1 270
218280.1 270
218340.1 270
218400.1 270
218460.1 270
218520.1 270
218580.1 270
218640.1 270
218700.1 270
218760.1 270
218820.1 270
218880.1 270
218940.1 270
219000.1 270
219060.1 270
219120.1 270
219180.1 270
219240.1 270
219300.1 270
219360.1 270
219420.1 270
219480.1 270
219540.1 270
219600.1 270
219660.1 270
219720.1 270
219780.1 270
219840.1 270
219900.1 270
219960.1 270
220020.1 270
220080.1 270
220140.1 270
220200.1 270
220260.1 270
220320.1 270
220380.1 270
220440.1 270
220500.1 270
220560.1 270
220620.1 270
220680.1 270
220740.1 270
220800.1 270
220860.1 270
220920.1 270
220980.1 270
221040.1 270
221100.1 270
221160.1 270
221220.1 270
221280.1 270
221340.1 270
221400.1 270
221460.1 270
221520.1 270
221580.1 270
221640.1 270
221700.1 270
221760.1 270
221820.1 270
221880.1 270
221940.1 270
222000.1 270
222060.1 270
222120.1 270
222180.1 270
222240.1 270
222300.1 270
222360.1 270
222420.1 270
222480.1 270
222540.1 270
222600.1 270
222660.1 270
222720.1 270
222780.1 270
222840.1 270
222900.1 270
222960.1 270
223020.1 270
223080.1 270
223140.1 270
223200.1 270
223260.1 270
223320.1 270
223380.1 270
223440.1 270
223500.1 270
223560.1 270
223620.1 270
223680.1 270
223740.1 270
223800.1 270
223860.1 270
223920.1 270
223980.1 270
224040.1 270
224100.1 270
224160.1 270
224220.1 270
224280.1 270
224340.1 270
224400.1 270
224460.1 270
224520.1 270
224580.1 270
224640.1 270
224700.1 270
224760.1 270
224820.1 270
224880.1 270
224940.1 270
225000.1 270
225060.1 270
225120.1 270
225180.1 270
225240.1 270
225300.1 270
225360.1 270
225420.1 270
225480.1 270
225540.1 270
225600.1 270
225660.1 270
225720.1 270
225780.1 270
225840.1 270
225900.1 270
225960.1 270
226020.1 270
226080.1 270
226140.1 270
226200.1 270
226260.1 270
226320.1 270
226380.1 270
226440.1 270
226500.1 270
226560.1 270
226620.1 270
226680.1 270
226740.1 270
226800.1 270
226860.1 270
226920.1 270
226980.1 270
227040.1 270
227100.1 270
227160.1 270
227220.1 270
227280.1 270
227340.1 270
227400.1 270
227460.1 270
227520.1 270
227580.1 270
227640.1 270
227700.1 270
227760.1 270
227820.1 270
227880.1 270
227940.1 270
228000.1 270
228060.1 270
228120.1 270
228180.1 270
228240.1 270
228300.1 270
228360.1 270
228420.1 270
228480.1 270
228540.1 270
228600.1 270
228660.1 270
228720.1 270
228780.1 270
228840.1 270
228900.1 270
228960.1 270
229020.1 270
229080.1 270
229140.1 270
229200.1 270
229260.1 270
229320.1 270
229380.1 270
229440.1 270
229500.1 270
229560.1 270
229620.1 270
229680.1 270
229740.1 270
229800.1 270
229860.1 270
229920.1 270
229980.1 270
230040.1 270
230100.1 270
230160.1 270
230220.1 270
230280.1 270
230340.1 270
230400.1 270
230460.1 270
230520.1 270
230580.1 270
230640.1 270
230700.1 270
230760.1 270
230820.1 270
230880.1 270
230940.1 270
231000.1 270
231060.1 270
231120.1 270
231180.1 270
231240.1 270
231300.1 270
231360.1 270
231420.1 270
231480.1 270
231540.1 270
231600.1 270
231660.1 270
231720.1 270
231780.1 270
231840.1 270
231900.1 270
231960.1 270
232020.1 270
232080.1 270
232140.1 270
232200.1 270
232260.1 270
232320.1 270
232380.1 270
232440.1 270
232500.1 270
232560.1 270
232620.1 270
232680.1 270
232740.1 270
232800.1 270
232860.1 270
232920.1 270
232980.1 270
233040.1 270
233100.1 270
233160.1 270
233220.1 270
233280.1 270
233340.1 270
233400.1 270
233460.1 270
233520.1 270
233580.1 270
233640.1 270
233700.1 270
233760.1 270
233820.1 270
233880.1 270
233940.1 270
234000.1 270
234060.1 270
234120.1 270
234180.1 270
234240.1 270
234300.1 270
234360.1 270
234420.1 270
234480.1 270
234540.1 270
234600.1 270
234660.1 270
234720.1 270
234780.1 270
234840.1 270
234900.1 270
234960.1 270
235020.1 270
235080.1 270
235140.1 270
235200.1 270
235260.1 270
235320.1 270
235380.1 270
235440.1 270
235500.1 270
235560.1 270
235620.1 270
235680.1 270
235740.1 270
235800.1 270
235860.1 270
235920.1 270
235980.1 270
236040.1 270
236100.1 270
236160.1 270
236220.1 270
236280.1 270
236340.1 270
236400.1 270
236460.1 270
236520.1 270
236580.1 270
236640.1 270
236700.1 270
236760.1 270
236820.1 270
236880.1 270
236940.1 270
237000.1 270
237060.1 270
237120.1 270
237180.1 270
237240.1 270
237300.1 270
237360.1 270
237420.1 270
237480.1 270
237540.1 270
237600.1 270
237660.1 270
237720.1 270
237780.1 270
237840.1 270
237900.1 270
237960.1 270
238020.1 270
238080.1 270
238140.1 270
238200.1 270
238260.1 270
238320.1 270
238380.1 270
238440.1 270
238500.1 270
238560.1 270
238620.1 270
238680.1 270
238740.1 270
238800.1 270
238860.1 270
238920.1 270
238980.1 270
239040.1 270
239100.1 270
239160.1 270
239220.1 270
239280.1 270
239340.1 270
239400.1 270
239460.1 270
239520.1 270
239580.1 270
239640.1 270
239700.1 270
239760.1 270
239820.1 270
239880.1 270
239940.1 270
240000.1 270
240060.1 270
240120.1 270
240180.1 270
240240.1 270
240300.1 270
240360.1 270
240420.1 270
240480.1 270
240540.1 270
240600.1 270
240660.1 270
240720.1 270
240780.1 270
240840.1 270
240900.1 270
240960.1 270
241020.1 270
241080.1 270
241140.1 270
241200.1 270
241260.1 270
241320.1 270
241380.1 270
241440.1 270
241500.1 270
241560.1 270
241620.1 270
241680.1 270
241740.1 270
241800.1 270
241860.1 270
241920.1 270
241980.1 270
242040.1 270
242100.1 270
242160.1 270
242220.1 270
242280.1 270
242340.1 270
242400.1 270
242460.1 270
242520.1 270
242580.1 270
242640.1 270
242700.1 270
242760.1 270
242820.1 270
242880.1 270
242940.1 270
243000.1 270
243060.1 270
243120.1 270
243180.1 270
243240.1 270
243300.1 270
243360.1 270
243420.1 270
243480.1 270
243540.1 270
243600.1 270
243660.1 270
243720.1 270
243780.1 270
243840.1 270
243900.1 270
243960.1 270
244020.1 270
244080.1 270
244140.1 270
244200.1 270
244260.1 270
244320.1 270
244380.1 270
244440.1 270
244500.1 270
244560.1 270
244620.1 270
244680.1 270
244740.1 270
244800.1 270
244860.1 270
244920.1 270
244980.1 270
245040.1 270
245100.1 270
245160.1 270
245220.1 270
245280.1 270
245340.1 270
245400.1 270
245460.1 270
245520.1 270
245580.1 270
245640.1 270
245700.1 270
245760.1 270
245820.1 270
245880.1 270
245940.1 270
246000.1 270
246060.1 270
246120.1 270
246180.1 270
246240.1 270
246300.1 270
246360.1 270
246420.1 270
246480.1 270
246540.1 270
246600.1 270
246660.1 270
246720.1 270
246780.1 270
246840.1 270
246900.1 270
246960.1 270
247020.1 270
247080.1 270
247140.1 270
247200.1 270
247260.1 270
247320.1 270
247380.1 270
247440.1 270
247500.1 270
247560.1 270
247620.1 270
247680.1 270
247740.1 270
247800.1 270
247860.1 270
247920.1 270
247980.1 270
248040.1 270
248100.1 270
248160.1 270
248220.1 270
248280.1 270
248340.1 270
248400.1 270
248460.1 270
248520.1 270
248580.1 270
248640.1 270
248700.1 270
248760.1 270
248820.1 270
248880.1 270
248940.1 270
249000.1 270
249060.1 270
249120.1 270
249180.1 270
249240.1 270
249300.1 270
249360.1 270
249420.1 270
249480.1 270
249540.1 270
249600.1 270
249660.1 270
249720.1 270
249780.1 270
249840.1 270
249900.1 270
249960.1 270
250020.1 270
250080.1 270
250140.1 270
250200.1 270
250260.1 270
250320.1 270
250380.1 270
250440.1 270
250500.1 270
250560.1 270
250620.1 270
250680.1 270
250740.1 270
250800.1 270
250860.1 270
250920.1 270
250980.1 270
251040.1 270
251100.1 270
251160.1 270
251220.1 270
251280.1 270
251340.1 270
251400.1 270
251460.1 270
251520.1 270
251580.1 270
251640.1 270
251700.1 270
251760.1 270
251820.1 270
251880.1 270
251940.1 270
252000.1 270
252060.1 270
252120.1 270
252180.1 270
252240.1 270
252300.1 270
252360.1 270
252420.1 270
252480.1 270
252540.1 270
252600.1 270
252660.1 270
252720.1 270
252780.1 270
252840.1 270
252900.1 270
252960.1 270
253020.1 270
253080.1 270
253140.1 270
253200.1 270
253260.1 270
253320.1 270
253380.1 270
253440.1 270
253500.1 270
253560.1 270
253620.1 270
253680.1 270
253740.1 270
253800.1 270
253860.1 270
253920.1 270
253980.1 270
254040.1 270
254100.1 270
254160.1 270
254220.1 270
254280.1 270
254340.1 270
254400.1 270
254460.1 270
254520.1 270
254580.1 270
254640.1 270
254700.1 270
254760.1 270
254820.1 270
254880.1 270
254940.1 270
255000.1 270
255060.1 270
255120.1 270
255180.1 270
255240.1 270
255300.1 270
255360.1 270
255420.1 270
255480.1 270
255540.1 270
255600.1 270
255660.1 270
255720.1 270
255780.1 270
255840.1 270
255900.1 270
255960.1 270
256020.1 270
256080.1 270
256140.1 270
256200.1 270
256260.1 270
256320.1 270
256380.1 270
256440.1 270
256500.1 270
256560.1 270
256620.1 270
256680.1 270
256740.1 270
256800.1 270
256860.1 270
256920.1 270
256980.1 270
257040.1 270
257100.1 270
257160.1 270
257220.1 270
257280.1 270
257340.1 270
257400.1 270
257460.1 270
257520.1 270
257580.1 270
257640.1 270
257700.1 270
257760.1 270
257820.1 270
257880.1 270
257940.1 270
258000.1 270
258060.1 270
258120.1 270
258180.1 270
258240.1 270
258300.1 270
258360.1 270
258420.1 270
258480.1 270
258540.1 270
258600.1 270
258660.1 270
258720.1 270
258780.1 270
258840.1 270
258900.1 270
258960.1 270
259020.1 270
259080.1 270
259140.1 270
259200.1 270
259260.1 270
259320.1 270
259380.1 270
259440.1 270
259500.1 270
259560.1 270
259620.1 270
259680.1 270
259740.1 270
259800.1 270
259860.1 270
259920.1 270
259980.1 270
260040.1 270
260100.1 270
260160.1 270
260220.1 270
260280.1 270
260340.1 270
260400.1 270
260460.1 270
260520.1 270
260580.1 270
260640.1 270
260700.1 270
260760.1 270
260820.1 270
260880.1 270
260940.1 270
261000.1 270
261060.1 270
261120.1 270
261180.1 270
261240.1 270
261300.1 270
261360.1 270
261420.1 270
261480.1 270
261540.1 270
261600.1 270
261660.1 270
261720.1 270
261780.1 270
261840.1 270
261900.1 270
261960.1 270
262020.1 270
262080.1 270
262140.1 270
262200.1 270
262260.1 270
262320.1 270
262380.1 270
262440.1 270
262500.1 270
262560.1 270
262620.1 270
262680.1 270
262740.1 270
262800.1 270
262860.1 270
262920.1 270
262980.1 270
263040.1 270
263100.1 270
263160.1 270
263220.1 270
263280.1 270
263340.1 270
263400.1 270
263460.1 270
263520.1 270
263580.1 270
263640.1 270
263700.1 270
263760.1 270
263820.1 270
263880.1 270
263940.1 270
264000.1 270
264060.1 270
264120.1 270
264180.1 270
264240.1 270
264300.1 270
264360.1 270
264420.1 270
264480.1 270
264540.1 270
264600.1 270
264660.1 270
264720.1 270
264780.1 270
264840.1 270
264900.1 270
264960.1 270
265020.1 270
265080.1 270
265140.1 270
265200.1 270
265260.1 270
265320.1 270
265380.1 270
265440.1 270
265500.1 270
265560.1 270
265620.1 270
265680.1 270
265740.1 270
265800.1 270
265860.1 270
265920.1 270
265980.1 270
266040.1 270
266100.1 270
266160.1 270
266220.1 270
266280.1 270
266340.1 270
266400.1 270
266460.1 270
266520.1 270
266580.1 270
266640.1 270
266700.1 270
266760.1 270
266820.1 270
266880.1 270
266940.1 270
267000.1 270
267060.1 270
267120.1 270
267180.1 270
267240.1 270
267300.1 270
267360.1 270
267420.1 270
267480.1 270
267540.1 270
267600.1 270
267660.1 270
267720.1 270
267780.1 270
267840.1 270
267900.1 270
267960.1 270
268020.1 270
268080.1 270
268140.1 270
268200.1 270
268260.1 270
268320.1 270
268380.1 270
268440.1 270
268500.1 270
268560.1 270
268620.1 270
268680.1 270
268740.1 270
268800.1 270
268860.1 270
268920.1 270
268980.1 270
269040.1 270
269100.1 270
269160.1 270
269220.1 270
269280.1 270
269340.1 270
269400.1 270
269460.1 270
269520.1 270
269580.1 270
269640.1 270
269700.1 270
269760.1 270
269820.1 270
269880.1 270
269940.1 270
270000.1 270
270060.1 270
270120.1 270
270180.1 270
270240.1 270
270300.1 270
270360.1 270
270420.1 270
270480.1 270
270540.1 270
270600.1 270
270660.1 270
270720.1 270
270780.1 270
270840.1 270
270900.1 270
270960.1 270
271020.1 270
271080.1 270
271140.1 270
271200.1 270
271260.1 270
271320.1 270
271380.1 270
271440.1 270
271500.1 270
271560.1 270
271620.1 270
271680.1 270
271740.1 270
271800.1 270
271860.1 270
271920.1 270
271980.1 270
272040.1 270
272100.1 270
272160.1 270
272220.1 270
272280.1 270
272340.1 270
272400.1 270
272460.1 270
272520.1 270
272580.1 270
272640.1 270
272700.1 270
272760.1 270
272820.1 270
272880.1 270
272940.1 270
273000.1 270
273060.1 270
273120.1 270
273180.1 270
273240.1 270
273300.1 270
273360.1 270
273420.1 270
273480.1 270
273540.1 270
273600.1 270
273660.1 270
273720.1 270
273780.1 270
273840.1 270
273900.1 270
273960.1 270
274020.1 270
274080.1 270
274140.1 270
274200.1 270
274260.1 270
274320.1 270
274380.1 270
274440.1 270
274500.1 270
274560.1 270
274620.1 270
274680.1 270
274740.1 270
274800.1 270
274860.1 270
274920.1 270
274980.1 270
275040.1 270
275100.1 270
275160.1 270
275220.1 270
275280.1 270
275340.1 270
275400.1 270
275460.1 270
275520.1 270
275580.1 270
275640.1 270
275700.1 270
275760.1 270
275820.1 270
275880.1 270
275940.1 270
276000.1 270
276060.1 270
276120.1 270
276180.1 270
276240.1 270
276300.1 270
276360.1 270
276420.1 270
276480.1 270
276540.1 270
276600.1 270
276660.1 270
276720.1 270
276780.1 270
276840.1 270
276900.1 270
276960.1 270
277020.1 270
277080.1 270
277140.1 270
277200.1 270
277260.1 270
277320.1 270
277380.1 270
277440.1 270
277500.1 270
277560.1 270
277620.1 270
277680.1 270
277740.1 270
277800.1 270
277860.1 270
277920.1 270
277980.1 270
278040.1 270
278100.1 270
278160.1 270
278220.1 270
278280.1 270
278340.1 270
278400.1 270
278460.1 270
278520.1 270
278580.1 270
278640.1 270
278700.1 270
278760.1 270
278820.1 270
278880.1 270
278940.1 270
279000.1 270
279060.1 270
279120.1 270
279180.1 270
279240.1 270
279300.1 270
279360.1 270
279420.1 270
279480.1 270
279540.1 270
279600.1 270
279660.1 270
279720.1 270
279780.1 270
279840.1 270
279900.1 270
279960.1 270
280020.1 270
280080.1 270
280140.1 270
280200.1 270
280260.1 270
280320.1 270
280380.1 270
280440.1 270
280500.1 270
280560.1 270
280620.1 270
280680.1 270
280740.1 270
280800.1 270
280860.1 270
280920.1 270
280980.1 270
281040.1 270
281100.1 270
281160.1 270
281220.1 270
281280.1 270
281340.1 270
281400.1 270
281460.1 270
281520.1 270
281580.1 270
281640.1 270
281700.1 270
281760.1 270
281820.1 270
281880.1 270
281940.1 270
282000.1 270
282060.1 270
282120.1 270
282180.1 270
282240.1 270
282300.1 270
282360.1 270
282420.1 270
282480.1 270
282540.1 270
282600.1 270
282660.1 270
282720.1 270
282780.1 270
282840.1 270
282900.1 270
282960.1 270
283020.1 270
283080.1 270
283140.1 270
283200.1 270
283260.1 270
283320.1 270
283380.1 270
283440.1 270
283500.1 270
283560.1 270
283620.1 270
283680.1 270
283740.1 270
283800.1 270
283860.1 270
283920.1 270
283980.1 270
284040.1 270
284100.1 270
284160.1 270
284220.1 270
284280.1 270
284340.1 270
284400.1 270
284460.1 270
284520.1 270
284580.1 270
284640.1 270
284700.1 270
284760.1 270
284820.1 270
284880.1 270
284940.1 270
285000.1 270
285060.1 270
285120.1 270
285180.1 270
285240.1 270
285300.1 270
285360.1 270
285420.1 270
285480.1 270
285540.1 270
285600.1 270
285660.1 270
285720.1 270
285780.1 270
285840.1 270
285900.1 270
285960.1 270
286020.1 270
286080.1 270
286140.1 270
286200.1 270
286260.1 270
286320.1 270
286380.1 270
286440.1 270
286500.1 270
286560.1 270
286620.1 270
286680.1 270
286740.1 270
286800.1 270
286860.1 270
286920.1 270
286980.1 270
287040.1 270
287100.1 270
287160.1 270
287220.1 270
287280.1 270
287340.1 270
287400.1 270
287460.1 270
287520.1 270
287580.1 270
287640.1 270
287700.1 270
287760.1 270
287820.1 270
287880.1 270
287940.1 270
288000.1 270
288060.1 270
288120.1 270
288180.1 270
288240.1 270
288300.1 270
288360.1 270
288420.1 270
288480.1 270
288540.1 270
288600.1 270
288660.1 270
288720.1 270
288780.1 270
288840.1 270
288900.1 270
288960.1 270
289020.1 270
289080.1 270
289140.1 270
289200.1 270
289260.1 270
289320.1 270
289380.1 270
289440.1 270
289500.1 270
289560.1 270
289620.1 270
289680.1 270
289740.1 270
289800.1 270
289860.1 270
289920.1 270
289980.1 270
290040.1 270
290100.1 270
290160.1 270
290220.1 270
290280.1 270
290340.1 270
290400.1 270
290460.1 270
290520.1 270
290580.1 270
290640.1 270
290700.1 270
290760.1 270
290820.1 270
290880.1 270
290940.1 270
291000.1 270
291060.1 270
291120.1 270
291180.1 270
291240.1 270
291300.1 270
291360.1 270
291420.1 270
291480.1 270
291540.1 270
291600.1 270
291660.1 270
291720.1 270
291780.1 270
291840.1 270
291900.1 270
291960.1 270
292020.1 270
292080.1 270
292140.1 270
292200.1 270
292260.1 270
292320.1 270
292380.1 270
292440.1 270
292500.1 270
292560.1 270
292620.1 270
292680.1 270
292740.1 270
292800.1 270
292860.1 270
292920.1 270
292980.1 270
293040.1 270
293100.1 270
293160.1 270
293220.1 270
293280.1 270
293340.1 270
293400.1 270
293460.1 270
293520.1 270
293580.1 270
293640.1 270
293700.1 270
293760.1 270
293820.1 270
293880.1 270
293940.1 270
294000.1 270
294060.1 270
294120.1 270
294180.1 270
294240.1 270
294300.1 270
294360.1 270
294420.1 270
294480.1 270
294540.1 270
294600.1 270
294660.1 270
294720.1 270
294780.1 270
294840.1 270
294900.1 270
294960.1 270
295020.1 270
295080.1 270
295140.1 270
295200.1 270
295260.1 270
295320.1 270
295380.1 270
295440.1 270
295500.1 270
295560.1 270
295620.1 270
295680.1 270
295740.1 270
295800.1 270
295860.1 270
295920.1 270
295980.1 270
296040.1 270
296100.1 270
296160.1 270
296220.1 270
296280.1 270
296340.1 270
296400.1 270
296460.1 270
296520.1 270
296580.1 270
296640.1 270
296700.1 270
296760.1 270
296820.1 270
296880.1 270
296940.1 270
297000.1 270
297060.1 270
297120.1 270
297180.1 270
297240.1 270
297300.1 270
297360.1 270
297420.1 270
297480.1 270
297540.1 270
297600.1 270
297660.1 270
297720.1 270
297780.1 270
297840.1 270
297900.1 270
297960.1 270
298020.1 270
298080.1 270
298140.1 270
298200.1 270
298260.1 270
298320.1 270
298380.1 270
298440.1 270
298500.1 270
298560.1 270
298620.1 270
298680.1 270
298740.1 270
298800.1 270
298860.1 270
298920.1 270
298980.1 270
299040.1 270
299100.1 270
299160.1 270
299220.1 270
299280.1 270
299340.1 270
299400.1 270
299460.1 270
299520.1 270
299580.1 270
299640.1 270
299700.1 270
299760.1 270
299820.1 270
299880.1 270
299940.1 270
300000.1 270
300060.1 270
300120.1 270
300180.1 270
300240.1 270
300300.1 270
300360.1 270
300420.1 270
300480.1 270
300540.1 270
300600.1 270
300660.1 270
300720.1 270
300780.1 270
300840.1 270
300900.1 270
300960.1 270
301020.1 270
301080.1 270
301140.1 270
301200.1 270
301260.1 270
301320.1 270
301380.1 270
301440.1 270
301500.1 270
301560.1 270
301620.1 270
301680.1 270
301740.1 270
301800.1 270
301860.1 270
301920.1 270
301980.1 270
302040.1 270
302100.1 270
302160.1 270
302220.1 270
302280.1 270
302340.1 270
302400.1 270
302460.1 270
302520.1 270
302580.1 270
302640.1 270
302700.1 270
302760.1 270
302820.1 270
302880.1 270
302940.1 270
303000.1 270
303060.1 270
303120.1 270
303180.1 270
303240.1 270
303300.1 270
303360.1 270
303420.1 270
303480.1 270
303540.1 270
303600.1 270
303660.1 270
303720.1 270
303780.1 270
303840.1 270
303900.1 270
303960.1 270
304020.1 270
304080.1 270
304140.1 270
304200.1 270
304260.1 270
304320.1 270
304380.1 270
304440.1 270
304500.1 270
304560.1 270
304620.1 270
304680.1 270
304740.1 270
304800.1 270
304860.1 270
304920.1 270
304980.1 270
305040.1 270
305100.1 270
305160.1 270
305220.1 270
305280.1 270
305340.1 270
305400.1 270
305460.1 270
305520.1 270
305580.1 270
305640.1 270
305700.1 270
305760.1 270
305820.1 270
305880.1 270
305940.1 270
306000.1 270
306060.1 270
306120.1 270
306180.1 270
306240.1 270
306300.1 270
306360.1 270
306420.1 270
306480.1 270
306540.1 270
306600.1 270
306660.1 270
306720.1 270
306780.1 270
306840.1 270
306900.1 270
306960.1 270
307020.1 270
307080.1 270
307140.1 270
307200.1 270
307260.1 270
307320.1 270
307380.1 270
307440.1 270
307500.1 270
307560.1 270
307620.1 270
307680.1 270
307740.1 270
307800.1 270
307860.1 270
307920.1 270
307980.1 270
308040.1 270
308100.1 270
308160.1 270
308220.1 270
308280.1 270
308340.1 270
308400.1 270
308460.1 270
308520.1 270
308580.1 270
308640.1 270
308700.1 270
308760.1 270
308820.1 270
308880.1 270
308940.1 270
309000.1 270
309060.1 270
309120.1 270
309180.1 270
309240.1 270
309300.1 270
309360.1 270
309420.1 270
309480.1 270
309540.1 270
309600.1 270
309660.1 270
309720.1 270
309780.1 270
309840.1 270
309900.1 270
309960.1 270
310020.1 270
310080.1 270
310140.1 270
310200.1 270
310260.1 270
310320.1 270
310380.1 270
310440.1 270
310500.1 270
310560.1 270
310620.1 270
310680.1 270
310740.1 270
310800.1 270
310860.1 270
310920.1 270
310980.1 270
311040.1 270
311100.1 270
311160.1 270
311220.1 270
311280.1 270
311340.1 270
311400.1 270
311460.1 270
311520.1 270
311580.1 270
311640.1 270
311700.1 270
311760.1 270
311820.1 270
311880.1 270
311940.1 270
312000.1 270
312060.1 270
312120.1 270
312180.1 270
312240.1 270
312300.1 270
312360.1 270
312420.1 270
312480.1 270
312540.1 270
312600.1 270
312660.1 270
312720.1 270
312780.1 270
312840.1 270
312900.1 270
312960.1 270
313020.1 270
313080.1 270
313140.1 270
313200.1 270
313260.1 270
313320.1 270
313380.1 270
313440.1 270
313500.1 270
313560.1 270
313620.1 270
313680.1 270
313740.1 270
313800.1 270
313860.1 270
313920.1 270
313980.1 270
314040.1 270
314100.1 270
314160.1 270
314220.1 270
314280.1 270
314340.1 270
314400.1 270
314460.1 270
314520.1 270
314580.1 270
314640.1 270
314700.1 270
314760.1 270
314820.1 270
314880.1 270
314940.1 270
315000.1 270
315060.1 270
315120.1 270
315180.1 270
315240.1 270
315300.1 270
315360.1 270
315420.1 270
315480.1 270
315540.1 270
315600.1 270
315660.1 270
315720.1 270
315780.1 270
315840.1 270
315900.1 270
315960.1 270
316020.1 270
316080.1 270
316140.1 270
316200.1 270
316260.1 270
316320.1 270
316380.1 270
316440.1 270
316500.1 270
316560.1 270
316620.1 270
316680.1 270
316740.1 270
316800.1 270
316860.1 270
316920.1 270
316980.1 270
317040.1 270
317100.1 270
317160.1 270
317220.1 270
317280.1 270
317340.1 270
317400.1 270
317460.1 270
317520.1 270
317580.1 270
317640.1 270
317700.1 270
317760.1 270
317820.1 270
317880.1 270
317940.1 270
318000.1 270
318060.1 270
318120.1 270
318180.1 270
318240.1 270
318300.1 270
318360.1 270
318420.1 270
318480.1 270
318540.1 270
318600.1 270
318660.1 270
318720.1 270
318780.1 270
318840.1 270
318900.1 270
318960.1 270
319020.1 270
319080.1 270
319140.1 270
319200.1 270
319260.1 270
319320.1 270
319380.1 270
319440.1 270
319500.1 270
319560.1 270
319620.1 270
319680.1 270
319740.1 270
319800.1 270
319860.1 270
319920.1 270
319980.1 270
320040.1 270
320100.1 270
320160.1 270
320220.1 270
320280.1 270
320340.1 270
320400.1 270
320460.1 270
320520.1 270
320580.1 270
320640.1 270
320700.1 270
320760.1 270
320820.1 270
320880.1 270
320940.1 270
321000.1 270
321060.1 270
321120.1 270
321180.1 270
321240.1 270
321300.1 270
321360.1 270
321420.1 270
321480.1 270
321540.1 270
321600.1 270
321660.1 270
321720.1 270
321780.1 270
321840.1 270
321900.1 270
321960.1 270
322020.1 270
322080.1 270
322140.1 270
322200.1 270
322260.1 270
322320.1 270
322380.1 270
322440.1 270
322500.1 270
322560.1 270
322620.1 270
322680.1 270
322740.1 270
322800.1 270
322860.1 270
322920.1 270
322980.1 270
323040.1 270
323100.1 270
323160.1 270
323220.1 270
323280.1 270
323340.1 270
323400.1 270
323460.1 270
323520.1 270
323580.1 270
323640.1 270
323700.1 270
323760.1 270
323820.1 270
323880.1 270
323940.1 270
324000.1 270
324060.1 270
324120.1 270
324180.1 270
324240.1 270
324300.1 270
324360.1 270
324420.1 270
324480.1 270
324540.1 270
324600.1 270
324660.1 270
324720.1 270
324780.1 270
324840.1 270
324900.1 270
324960.1 270
325020.1 270
325080.1 270
325140.1 270
325200.1 270
325260.1 270
325320.1 270
325380.1 270
325440.1 270
325500.1 270
325560.1 270
325620.1 270
325680.1 270
325740.1 270
325800.1 270
325860.1 270
325920.1 270
325980.1 270
326040.1 270
326100.1 270
326160.1 270
326220.1 270
326280.1 270
326340.1 270
326400.1 270
326460.1 270
326520.1 270
326580.1 270
326640.1 270
326700.1 270
326760.1 270
326820.1 270
326880.1 270
326940.1 270
327000.1 270
327060.1 270
327120.1 270
327180.1 270
327240.1 270
327300.1 270
327360.1 270
327420.1 270
327480.1 270
327540.1 270
327600.1 270
327660.1 270
327720.1 270
327780.1 270
327840.1 270
327900.1 270
327960.1 270
328020.1 270
328080.1 270
328140.1 270
328200.1 270
328260.1 270
328320.1 270
328380.1 270
328440.1 270
328500.1 270
328560.1 270
328620.1 270
328680.1 270
328740.1 270
328800.1 270
328860.1 270
328920.1 270
328980.1 270
329040.1 270
329100.1 270
329160.1 270
329220.1 270
329280.1 270
329340.1 270
329400.1 270
329460.1 270
329520.1 270
329580.1 270
329640.1 270
329700.1 270
329760.1 270
329820.1 270
329880.1 270
329940.1 270
330000.1 270
330060.1 270
330120.1 270
330180.1 270
330240.1 270
330300.1 270
330360.1 270
330420.1 270
330480.1 270
330540.1 270
330600.1 270
330660.1 270
330720.1 270
330780.1 270
330840.1 270
330900.1 270
330960.1 270
331020.1 270
331080.1 270
331140.1 270
331200.1 270
331260.1 270
331320.1 270
331380.1 270
331440.1 270
331500.1 270
331560.1 270
331620.1 270
331680.1 270
331740.1 270
331800.1 270
331860.1 270
331920.1 270
331980.1 270
332040.1 270
332100.1 270
332160.1 270
332220.1 270
332280.1 270
332340.1 270
332400.1 270
332460.1 270
332520.1 270
332580.1 270
332640.1 270
332700.1 270
332760.1 270
332820.1 270
332880.1 270
332940.1 270
333000.1 270
333060.1 270
333120.1 270
333180.1 270
333240.1 270
333300.1 270
333360.1 270
333420.1 270
333480.1 270
333540.1 270
333600.1 270
333660.1 270
333720.1 270
333780.1 270
333840.1 270
333900.1 270
333960.1 270
334020.1 270
334080.1 270
334140.1 270
334200.1 270
334260.1 270
334320.1 270
334380.1 270
334440.1 270
334500.1 270
334560.1 270
334620.1 270
334680.1 270
334740.1 270
334800.1 270
334860.1 270
334920.1 270
334980.1 270
335040.1 270
335100.1 270
335160.1 270
335220.1 270
335280.1 270
335340.1 270
335400.1 270
335460.1 270
335520.1 270
335580.1 270
335640.1 270
335700.1 270
335760.1 270
335820.1 270
335880.1 270
335940.1 270
336000.1 270
336060.1 270
336120.1 270
336180.1 270
336240.1 270
336300.1 270
336360.1 270
336420.1 270
336480.1 270
336540.1 270
336600.1 270
336660.1 270
336720.1 270
336780.1 270
336840.1 270
336900.1 270
336960.1 270
337020.1 270
337080.1 270
337140.1 270
337200.1 270
337260.1 270
337320.1 270
337380.1 270
337440.1 270
337500.1 270
337560.1 270
337620.1 270
337680.1 270
337740.1 270
337800.1 270
337860.1 270
337920.1 270
337980.1 270
338040.1 270
338100.1 270
338160.1 270
338220.1 270
338280.1 270
338340.1 270
338400.1 270
338460.1 270
338520.1 270
338580.1 270
338640.1 270
338700.1 270
338760.1 270
338820.1 270
338880.1 270
338940.1 270
339000.1 270
339060.1 270
339120.1 270
339180.1 270
339240.1 270
339300.1 270
339360.1 270
339420.1 270
339480.1 270
339540.1 270
339600.1 270
339660.1 270
339720.1 270
339780.1 270
339840.1 270
339900.1 270
339960.1 270
340020.1 270
340080.1 270
340140.1 270
340200.1 270
340260.1 270
340320.1 270
340380.1 270
340440.1 270
340500.1 270
340560.1 270
340620.1 270
340680.1 270
340740.1 270
340800.1 270
340860.1 270
340920.1 270
340980.1 270
341040.1 270
341100.1 270
341160.1 270
341220.1 270
341280.1 270
341340.1 270
341400.1 270
341460.1 270
341520.1 270
341580.1 270
341640.1 270
341700.1 270
341760.1 270
341820.1 270
341880.1 270
341940.1 270
342000.1 270
342060.1 270
342120.1 270
342180.1 270
342240.1 270
342300.1 270
342360.1 270
342420.1 270
342480.1 270
342540.1 270
342600.1 270
342660.1 270
342720.1 270
342780.1 270
342840.1 270
342900.1 270
342960.1 270
343020.1 270
343080.1 270
343140.1 270
343200.1 270
343260.1 270
343320.1 270
343380.1 270
343440.1 270
343500.1 270
343560.1 270
343620.1 270
343680.1 270
343740.1 270
343800.1 270
343860.1 270
343920.1 270
343980.1 270
344040.1 270
344100.1 270
344160.1 270
344220.1 270
344280.1 270
344340.1 270
344400.1 270
344460.1 270
344520.1 270
344580.1 270
344640.1 270
344700.1 270
344760.1 270
344820.1 270
344880.1 270
344940.1 270
345000.1 270
345060.1 270
345120.1 270
345180.1 270
345240.1 270
345300.1 270
345360.1 270
345420.1 270
345480.1 270
345540.1 270
345600.1 270
345660.1 270
345720.1 270
345780.1 270
345840.1 270
345900.1 270
345960.1 270
346020.1 270
346080.1 270
346140.1 270
346200.1 270
346260.1 270
346320.1 270
346380.1 270
346440.1 270
346500.1 270
346560.1 270
346620.1 270
346680.1 270
346740.1 270
346800.1 270
346860.1 270
346920.1 270
346980.1 270
347040.1 270
347100.1 270
347160.1 270
347220.1 270
347280.1 270
347340.1 270
347400.1 270
347460.1 270
347520.1 270
347580.1 270
347640.1 270
347700.1 270
347760.1 270
347820.1 270
347880.1 270
347940.1 270
348000.1 270
348060.1 270
348120.1 270
348180.1 270
348240.1 270
348300.1 270
348360.1 270
348420.1 270
348480.1 270
348540.1 270
348600.1 270
348660.1 270
