0.1 933
0.1 933
0.1 933
0.1 933
60.1 933
120.1 725
180.1 531
240.1 349
300.1 196
360.1 196
420.1 196
480.1 196
540.1 196
600.1 196
660.1 196
720.1 196
780.1 196
840.1 196
900.1 196
960.1 196
1020.1 196
1080.1 196
1140.1 196
1200.1 196
1260.1 196
1320.1 196
1380.1 196
1440.1 196
1500.1 196
1560.1 196
1620.1 196
1680.1 196
1740.1 196
1800.1 196
1860.1 196
1920.1 196
1980.1 196
2040.1 196
2100.1 196
2160.1 196
2220.1 196
2280.1 196
2340.1 196
2400.1 196
2460.1 196
2520.1 196
2580.1 196
2640.1 196
2700.1 196
2760.1 196
2820.1 196
2880.1 196
2940.1 196
3000.1 196
3060.1 196
3120.1 196
3180.1 196
3240.1 196
3300.1 196
3360.1 196
3420.1 196
3480.1 196
3540.1 196
3600.1 196
3660.1 196
3720.1 196
3780.1 196
3840.1 196
3900.1 196
3960.1 196
4020.1 196
4080.1 196
4140.1 196
4200.1 196
4260.1 196
4320.1 196
4380.1 196
4440.1 196
4500.1 196
4560.1 196
4620.1 196
4680.1 196
4740.1 196
4800.1 196
4860.1 196
4920.1 196
4980.1 196
5040.1 196
5100.1 196
5160.1 196
5220.1 196
5280.1 196
5340.1 196
5400.1 196
5460.1 196
5520.1 196
5580.1 196
5640.1 196
5700.1 196
5760.1 196
5820.1 196
5880.1 196
5940.1 196
6000.1 196
6060.1 196
6120.1 196
6180.1 196
6240.1 196
6300.1 196
6360.1 196
6420.1 196
6480.1 196
6540.1 196
6600.1 196
6660.1 196
6720.1 196
6780.1 196
6840.1 196
6900.1 196
6960.1 196
7020.1 196
7080.1 196
7140.1 196
7200.1 196
7260.1 196
7320.1 196
7380.1 196
7440.1 196
7500.1 196
7560.1 196
7620.1 196
7680.1 196
7740.1 196
7800.1 196
7860.1 196
7920.1 196
7980.1 196
8040.1 196
8100.1 196
8160.1 196
8220.1 196
8280.1 196
8340.1 196
8400.1 196
8460.1 196
8520.1 196
8580.1 196
8640.1 196
8700.1 196
8760.1 196
8820.1 196
8880.1 196
8940.1 196
9000.1 196
9060.1 196
9120.1 196
9180.1 196
9240.1 196
9300.1 196
9360.1 196
9420.1 196
9480.1 196
9540.1 196
9600.1 196
9660.1 196
9720.1 196
9780.1 196
9840.1 196
9900.1 196
9960.1 196
10020.1 196
10080.1 196
10140.1 196
10200.1 196
10260.1 196
10320.1 196
10380.1 196
10440.1 196
10500.1 196
10560.1 196
10620.1 196
10680.1 196
10740.1 196
10800.1 196
10860.1 196
10920.1 196
10980.1 196
11040.1 196
11100.1 196
11160.1 196
11220.1 196
11280.1 196
11340.1 196
11400.1 196
11460.1 196
11520.1 196
11580.1 196
11640.1 196
11700.1 196
11760.1 196
11820.1 196
11880.1 196
11940.1 196
12000.1 196
12060.1 196
12120.1 196
12180.1 196
12240.1 196
12300.1 196
12360.1 196
12420.1 196
12480.1 196
12540.1 196
12600.1 196
12660.1 196
12720.1 196
12780.1 196
12840.1 196
12900.1 196
12960.1 196
13020.1 196
13080.1 196
13140.1 196
13200.1 196
13260.1 196
13320.1 196
13380.1 196
13440.1 196
13500.1 196
13560.1 196
13620.1 196
13680.1 196
13740.1 196
13800.1 196
13860.1 196
13920.1 196
13980.1 196
14040.1 196
14100.1 196
14160.1 196
14220.1 196
14280.1 196
14340.1 196
14400.1 196
14460.1 196
14520.1 196
14580.1 196
14640.1 196
14700.1 196
14760.1 196
14820.1 196
14880.1 196
14940.1 196
15000.1 196
15060.1 196
15120.1 196
15180.1 196
15240.1 196
15300.1 196
15360.1 196
15420.1 196
15480.1 196
15540.1 196
15600.1 196
15660.1 196
15720.1 196
15780.1 196
15840.1 196
15900.1 196
15960.1 196
16020.1 196
16080.1 196
16140.1 196
16200.1 196
16260.1 196
16320.1 196
16380.1 196
16440.1 196
16500.1 196
16560.1 196
16620.1 196
16680.1 196
16740.1 196
16800.1 196
16860.1 196
16920.1 196
16980.1 196
17040.1 196
17100.1 196
17160.1 196
17220.1 196
17280.1 196
17340.1 196
17400.1 196
17460.1 196
17520.1 196
17580.1 196
17640.1 196
17700.1 196
17760.1 196
17820.1 196
17880.1 196
17940.1 196
18000.1 196
18060.1 196
18120.1 196
18180.1 196
18240.1 196
18300.1 196
18360.1 196
18420.1 196
18480.1 196
18540.1 196
18600.1 196
18660.1 196
18720.1 196
18780.1 196
18840.1 196
18900.1 196
18960.1 196
19020.1 196
19080.1 196
19140.1 196
19200.1 196
19260.1 196
19320.1 196
19380.1 196
19440.1 196
19500.1 196
19560.1 196
19620.1 196
19680.1 196
19740.1 196
19800.1 196
19860.1 196
19920.1 196
19980.1 196
20040.1 196
20100.1 196
20160.1 196
20220.1 196
20280.1 196
20340.1 196
20400.1 196
20460.1 196
20520.1 196
20580.1 196
20640.1 196
20700.1 196
20760.1 196
20820.1 196
20880.1 196
20940.1 196
21000.1 196
21060.1 196
21120.1 196
21180.1 196
21240.1 196
21300.1 196
21360.1 196
21420.1 196
21480.1 196
21540.1 196
21600.1 196
21660.1 196
21720.1 196
21780.1 196
21840.1 196
21900.1 196
21960.1 196
22020.1 196
22080.1 196
22140.1 196
22200.1 196
22260.1 196
22320.1 196
22380.1 196
22440.1 196
22500.1 196
22560.1 196
22620.1 196
22680.1 196
22740.1 196
22800.1 196
22860.1 196
22920.1 196
22980.1 196
23040.1 196
23100.1 196
23160.1 196
23220.1 196
23280.1 196
23340.1 196
23400.1 196
23460.1 196
23520.1 196
23580.1 196
23640.1 196
23700.1 196
23760.1 196
23820.1 196
23880.1 196
23940.1 196
24000.1 196
24060.1 196
24120.1 196
24180.1 196
24240.1 196
24300.1 196
24360.1 196
24420.1 196
24480.1 196
24540.1 196
24600.1 196
24660.1 196
24720.1 196
24780.1 196
24840.1 196
24900.1 196
24960.1 196
25020.1 196
25080.1 196
25140.1 196
25200.1 196
25260.1 196
25320.1 196
25380.1 196
25440.1 196
25500.1 196
25560.1 196
25620.1 196
25680.1 196
25740.1 196
25800.1 196
25860.1 196
25920.1 196
25980.1 196
26040.1 196
26100.1 196
26160.1 196
26220.1 196
26280.1 196
26340.1 196
26400.1 196
26460.1 196
26520.1 196
26580.1 196
26640.1 196
26700.1 196
26760.1 196
26820.1 196
26880.1 196
26940.1 196
27000.1 196
27060.1 196
27120.1 196
27180.1 196
27240.1 196
27300.1 196
27360.1 196
27420.1 196
27480.1 196
27540.1 196
27600.1 196
27660.1 196
27720.1 196
27780.1 196
27840.1 196
27900.1 196
27960.1 196
28020.1 196
28080.1 196
28140.1 196
28200.1 196
28260.1 196
28320.1 196
28380.1 196
28440.1 196
28500.1 196
28560.1 196
28620.1 196
28680.1 196
28740.1 196
28800.1 196
28860.1 196
28920.1 196
28980.1 196
29040.1 196
29100.1 196
29160.1 196
29220.1 196
29280.1 196
29340.1 196
29400.1 196
29460.1 196
29520.1 196
29580.1 196
29640.1 196
29700.1 196
29760.1 196
29820.1 196
29880.1 196
29940.1 196
30000.1 196
30060.1 196
30120.1 196
30180.1 196
30240.1 196
30300.1 196
30360.1 196
30420.1 196
30480.1 196
30540.1 196
30600.1 196
30660.1 196
30720.1 196
30780.1 196
30840.1 196
30900.1 196
30960.1 196
31020.1 196
31080.1 196
31140.1 196
31200.1 196
31260.1 196
31320.1 196
31380.1 196
31440.1 196
31500.1 196
31560.1 196
31620.1 196
31680.1 196
31740.1 196
31800.1 196
31860.1 196
31920.1 196
31980.1 196
32040.1 196
32100.1 196
32160.1 196
32220.1 196
32280.1 196
32340.1 196
32400.1 196
32460.1 196
32520.1 196
32580.1 196
32640.1 196
32700.1 196
32760.1 196
32820.1 196
32880.1 196
32940.1 196
33000.1 196
33060.1 196
33120.1 196
33180.1 196
33240.1 196
33300.1 196
33360.1 196
33420.1 196
33480.1 196
33540.1 196
33600.1 196
33660.1 196
33720.1 196
33780.1 196
33840.1 196
33900.1 196
33960.1 196
34020.1 196
34080.1 196
34140.1 196
34200.1 196
34260.1 196
34320.1 196
34380.1 196
34440.1 196
34500.1 196
34560.1 196
34620.1 196
34680.1 196
34740.1 196
34800.1 196
34860.1 196
34920.1 196
34980.1 196
35040.1 196
35100.1 196
35160.1 196
35220.1 196
35280.1 196
35340.1 196
35400.1 196
35460.1 196
35520.1 196
35580.1 196
35640.1 196
35700.1 196
35760.1 196
35820.1 196
35880.1 196
35940.1 196
36000.1 196
36060.1 196
36120.1 196
36180.1 196
36240.1 196
36300.1 196
36360.1 196
36420.1 196
36480.1 196
36540.1 196
36600.1 196
36660.1 196
36720.1 196
36780.1 196
36840.1 196
36900.1 196
36960.1 196
37020.1 196
37080.1 196
37140.1 196
37200.1 196
37260.1 196
37320.1 196
37380.1 196
37440.1 196
37500.1 196
37560.1 196
37620.1 196
37680.1 196
37740.1 196
37800.1 196
37860.1 196
37920.1 196
37980.1 196
38040.1 196
38100.1 196
38160.1 196
38220.1 196
38280.1 196
38340.1 196
38400.1 196
38460.1 196
38520.1 196
38580.1 196
38640.1 196
38700.1 196
38760.1 196
38820.1 196
38880.1 196
38940.1 196
39000.1 196
39060.1 196
39120.1 196
39180.1 196
39240.1 196
39300.1 196
39360.1 196
39420.1 196
39480.1 196
39540.1 196
39600.1 196
39660.1 196
39720.1 196
39780.1 196
39840.1 196
39900.1 196
39960.1 196
40020.1 196
40080.1 196
40140.1 196
40200.1 196
40260.1 196
40320.1 196
40380.1 196
40440.1 196
40500.1 196
40560.1 196
40620.1 196
40680.1 196
40740.1 196
40800.1 196
40860.1 196
40920.1 196
40980.1 196
41040.1 196
41100.1 196
41160.1 196
41220.1 196
41280.1 196
41340.1 196
41400.1 196
41460.1 196
41520.1 196
41580.1 196
41640.1 196
41700.1 196
41760.1 196
41820.1 196
41880.1 196
41940.1 196
42000.1 196
42060.1 196
42120.1 196
42180.1 196
42240.1 196
42300.1 196
42360.1 196
42420.1 196
42480.1 196
42540.1 196
42600.1 196
42660.1 196
42720.1 196
42780.1 196
42840.1 196
42900.1 196
42960.1 196
43020.1 196
43080.1 196
43140.1 196
43200.1 196
43260.1 196
43320.1 196
43380.1 196
43440.1 196
43500.1 196
43560.1 196
43620.1 196
43680.1 196
43740.1 196
43800.1 196
43860.1 196
43920.1 196
43980.1 196
44040.1 196
44100.1 196
44160.1 196
44220.1 196
44280.1 196
44340.1 196
44400.1 196
44460.1 196
44520.1 196
44580.1 196
44640.1 196
44700.1 196
44760.1 196
44820.1 196
44880.1 196
44940.1 196
45000.1 196
45060.1 196
45120.1 196
45180.1 196
45240.1 196
45300.1 196
45360.1 196
45420.1 196
45480.1 196
45540.1 196
45600.1 196
45660.1 196
45720.1 196
45780.1 196
45840.1 196
45900.1 196
45960.1 196
46020.1 196
46080.1 196
46140.1 196
46200.1 196
46260.1 196
46320.1 196
46380.1 196
46440.1 196
46500.1 196
46560.1 196
46620.1 196
46680.1 196
46740.1 196
46800.1 196
46860.1 196
46920.1 196
46980.1 196
47040.1 196
47100.1 196
47160.1 196
47220.1 196
47280.1 196
47340.1 196
47400.1 196
47460.1 196
47520.1 196
47580.1 196
47640.1 196
47700.1 196
47760.1 196
47820.1 196
47880.1 196
47940.1 196
48000.1 196
48060.1 196
48120.1 196
48180.1 196
48240.1 196
48300.1 196
48360.1 196
48420.1 196
48480.1 196
48540.1 196
48600.1 196
48660.1 196
48720.1 196
48780.1 196
48840.1 196
48900.1 196
48960.1 196
49020.1 196
49080.1 196
49140.1 196
49200.1 196
49260.1 196
49320.1 196
49380.1 196
49440.1 196
49500.1 196
49560.1 196
49620.1 196
49680.1 196
49740.1 196
49800.1 196
49860.1 196
49920.1 196
49980.1 196
50040.1 196
50100.1 196
50160.1 196
50220.1 196
50280.1 196
50340.1 196
50400.1 196
50460.1 196
50520.1 196
50580.1 196
50640.1 196
50700.1 196
50760.1 196
50820.1 196
50880.1 196
50940.1 196
51000.1 196
51060.1 196
51120.1 196
51180.1 196
51240.1 196
51300.1 196
51360.1 196
51420.1 196
51480.1 196
51540.1 196
51600.1 196
51660.1 196
51720.1 196
51780.1 196
51840.1 196
51900.1 196
51960.1 196
52020.1 196
52080.1 196
52140.1 196
52200.1 196
52260.1 196
52320.1 196
52380.1 196
52440.1 196
52500.1 196
52560.1 196
52620.1 196
52680.1 196
52740.1 196
52800.1 196
52860.1 196
52920.1 196
52980.1 196
53040.1 196
53100.1 196
53160.1 196
53220.1 196
53280.1 196
53340.1 196
53400.1 196
53460.1 196
53520.1 196
53580.1 196
53640.1 196
53700.1 196
53760.1 196
53820.1 196
53880.1 196
53940.1 196
54000.1 196
54060.1 196
54120.1 196
54180.1 196
54240.1 196
54300.1 196
54360.1 196
54420.1 196
54480.1 196
54540.1 196
54600.1 196
54660.1 196
54720.1 196
54780.1 196
54840.1 196
54900.1 196
54960.1 196
55020.1 196
55080.1 196
55140.1 196
55200.1 196
55260.1 196
55320.1 196
55380.1 196
55440.1 196
55500.1 196
55560.1 196
55620.1 196
55680.1 196
55740.1 196
55800.1 196
55860.1 196
55920.1 196
55980.1 196
56040.1 196
56100.1 196
56160.1 196
56220.1 196
56280.1 196
56340.1 196
56400.1 196
56460.1 196
56520.1 196
56580.1 196
56640.1 196
56700.1 196
56760.1 196
56820.1 196
56880.1 196
56940.1 196
57000.1 196
57060.1 196
57120.1 196
57180.1 196
57240.1 196
57300.1 196
57360.1 196
57420.1 196
57480.1 196
57540.1 196
57600.1 196
57660.1 196
57720.1 196
57780.1 196
57840.1 196
57900.1 196
57960.1 196
58020.1 196
58080.1 196
58140.1 196
58200.1 196
58260.1 196
58320.1 196
58380.1 196
58440.1 196
58500.1 196
58560.1 196
58620.1 196
58680.1 196
58740.1 196
58800.1 196
58860.1 196
58920.1 196
58980.1 196
59040.1 196
59100.1 196
59160.1 196
59220.1 196
59280.1 196
59340.1 196
59400.1 196
59460.1 196
59520.1 196
59580.1 196
59640.1 196
59700.1 196
59760.1 196
59820.1 196
59880.1 196
59940.1 196
60000.1 196
60060.1 196
60120.1 196
60180.1 196
60240.1 196
60300.1 196
60360.1 196
60420.1 196
60480.1 196
60540.1 196
60600.1 196
60660.1 196
60720.1 196
60780.1 196
60840.1 196
60900.1 196
60960.1 196
61020.1 196
61080.1 196
61140.1 196
61200.1 196
61260.1 196
61320.1 196
61380.1 196
61440.1 196
61500.1 196
61560.1 196
61620.1 196
61680.1 196
61740.1 196
61800.1 196
61860.1 196
61920.1 196
61980.1 196
62040.1 196
62100.1 196
62160.1 196
62220.1 196
62280.1 196
62340.1 196
62400.1 196
62460.1 196
62520.1 196
62580.1 196
62640.1 196
62700.1 196
62760.1 196
62820.1 196
62880.1 196
62940.1 196
63000.1 196
63060.1 196
63120.1 196
63180.1 196
63240.1 196
63300.1 196
63360.1 196
63420.1 196
63480.1 196
63540.1 196
63600.1 196
63660.1 196
63720.1 196
63780.1 196
63840.1 196
63900.1 196
63960.1 196
64020.1 196
64080.1 196
64140.1 196
64200.1 196
64260.1 196
64320.1 196
64380.1 196
64440.1 196
64500.1 196
64560.1 196
64620.1 196
64680.1 196
64740.1 196
64800.1 196
64860.1 196
64920.1 196
64980.1 196
65040.1 196
65100.1 196
65160.1 196
65220.1 196
65280.1 196
65340.1 196
65400.1 196
65460.1 196
65520.1 196
65580.1 196
65640.1 196
65700.1 196
65760.1 196
65820.1 196
65880.1 196
65940.1 196
66000.1 196
66060.1 196
66120.1 196
66180.1 196
66240.1 196
66300.1 196
66360.1 196
66420.1 196
66480.1 196
66540.1 196
66600.1 196
66660.1 196
66720.1 196
66780.1 196
66840.1 196
66900.1 196
66960.1 196
67020.1 196
67080.1 196
67140.1 196
67200.1 196
67260.1 196
67320.1 196
67380.1 196
67440.1 196
67500.1 196
67560.1 196
67620.1 196
67680.1 196
67740.1 196
67800.1 196
67860.1 196
67920.1 196
67980.1 196
68040.1 196
68100.1 196
68160.1 196
68220.1 196
68280.1 196
68340.1 196
68400.1 196
68460.1 196
68520.1 196
68580.1 196
68640.1 196
68700.1 196
68760.1 196
68820.1 196
68880.1 196
68940.1 196
69000.1 196
69060.1 196
69120.1 196
69180.1 196
69240.1 196
69300.1 196
69360.1 196
69420.1 196
69480.1 196
69540.1 196
69600.1 196
69660.1 196
69720.1 196
69780.1 196
69840.1 196
69900.1 196
69960.1 196
70020.1 196
70080.1 196
70140.1 196
70200.1 196
70260.1 196
70320.1 196
70380.1 196
70440.1 196
70500.1 196
70560.1 196
70620.1 196
70680.1 196
70740.1 196
70800.1 196
70860.1 196
70920.1 196
70980.1 196
71040.1 196
71100.1 196
71160.1 196
71220.1 196
71280.1 196
71340.1 196
71400.1 196
71460.1 196
71520.1 196
71580.1 196
71640.1 196
71700.1 196
71760.1 196
71820.1 196
71880.1 196
71940.1 196
72000.1 196
72060.1 196
72120.1 196
72180.1 196
72240.1 196
72300.1 196
72360.1 196
72420.1 196
72480.1 196
72540.1 196
72600.1 196
72660.1 196
72720.1 196
72780.1 196
72840.1 196
72900.1 196
72960.1 196
73020.1 196
73080.1 196
73140.1 196
73200.1 196
73260.1 196
73320.1 196
73380.1 196
73440.1 196
73500.1 196
73560.1 196
73620.1 196
73680.1 196
73740.1 196
73800.1 196
73860.1 196
73920.1 196
73980.1 196
74040.1 196
74100.1 196
74160.1 196
74220.1 196
74280.1 196
74340.1 196
74400.1 196
74460.1 196
74520.1 196
74580.1 196
74640.1 196
74700.1 196
74760.1 196
74820.1 196
74880.1 196
74940.1 196
75000.1 196
75060.1 196
75120.1 196
75180.1 196
75240.1 196
75300.1 196
75360.1 196
75420.1 196
75480.1 196
75540.1 196
75600.1 196
75660.1 196
75720.1 196
75780.1 196
75840.1 196
75900.1 196
75960.1 196
76020.1 196
76080.1 196
76140.1 196
76200.1 196
76260.1 196
76320.1 196
76380.1 196
76440.1 196
76500.1 196
76560.1 196
76620.1 196
76680.1 196
76740.1 196
76800.1 196
76860.1 196
76920.1 196
76980.1 196
77040.1 196
77100.1 196
77160.1 196
77220.1 196
77280.1 196
77340.1 196
77400.1 196
77460.1 196
77520.1 196
77580.1 196
77640.1 196
77700.1 196
77760.1 196
77820.1 196
77880.1 196
77940.1 196
78000.1 196
78060.1 196
78120.1 196
78180.1 196
78240.1 196
78300.1 196
78360.1 196
78420.1 196
78480.1 196
78540.1 196
78600.1 196
78660.1 196
78720.1 196
78780.1 196
78840.1 196
78900.1 196
78960.1 196
79020.1 196
79080.1 196
79140.1 196
79200.1 196
79260.1 196
79320.1 196
79380.1 196
79440.1 196
79500.1 196
79560.1 196
79620.1 196
79680.1 196
79740.1 196
79800.1 196
79860.1 196
79920.1 196
79980.1 196
80040.1 196
80100.1 196
80160.1 196
80220.1 196
80280.1 196
80340.1 196
80400.1 196
80460.1 196
80520.1 196
80580.1 196
80640.1 196
80700.1 196
80760.1 196
80820.1 196
80880.1 196
80940.1 196
81000.1 196
81060.1 196
81120.1 196
81180.1 196
81240.1 196
81300.1 196
81360.1 196
81420.1 196
81480.1 196
81540.1 196
81600.1 196
81660.1 196
81720.1 196
81780.1 196
81840.1 196
81900.1 196
81960.1 196
82020.1 196
82080.1 196
82140.1 196
82200.1 196
82260.1 196
82320.1 196
82380.1 196
82440.1 196
82500.1 196
82560.1 196
82620.1 196
82680.1 196
82740.1 196
82800.1 196
82860.1 196
82920.1 196
82980.1 196
83040.1 196
83100.1 196
83160.1 196
83220.1 196
83280.1 196
83340.1 196
83400.1 196
83460.1 196
83520.1 196
83580.1 196
83640.1 196
83700.1 196
83760.1 196
83820.1 196
83880.1 196
83940.1 196
84000.1 196
84060.1 196
84120.1 196
84180.1 196
84240.1 196
84300.1 196
84360.1 196
84420.1 196
84480.1 196
84540.1 196
84600.1 196
84660.1 196
84720.1 196
84780.1 196
84840.1 196
84900.1 196
84960.1 196
85020.1 196
85080.1 196
85140.1 196
85200.1 196
85260.1 196
85320.1 196
85380.1 196
85440.1 196
85500.1 196
85560.1 196
85620.1 196
85680.1 196
85740.1 196
85800.1 196
85860.1 196
85920.1 196
85980.1 196
86040.1 196
86100.1 196
86160.1 196
86220.1 196
86280.1 196
86340.1 196
