60.1	1000
120.1	24
180.1	22
240.1	24
300.1	25
360.1	22
420.1	22
480.1	20
540.1	20
600.1	28
660.1	32
720.1	28
780.1	27
840.1	23
900.1	22
960.1	22
1020.1	18
1080.1	28
1140.1	28
1200.1	27
1260.1	24
1320.1	24
1380.1	19
1440.1	24
1500.1	21
1560.1	21
1620.1	20
1680.1	28
1740.1	25
1800.1	25
1860.1	22
1920.1	19
1980.1	18
2040.1	26
2100.1	26
2160.1	24
2220.1	22
2280.1	21
2340.1	18
2400.1	22
2460.1	27
2520.1	22
2580.1	20
2640.1	29
2700.1	25
2760.1	25
2820.1	25
2880.1	19
2940.1	24
3000.1	26
3060.1	23
3120.1	28
3180.1	28
3240.1	26
3300.1	26
3360.1	23
3420.1	20
3480.1	19
3540.1	16
3600.1	24
3660.1	23
3720.1	22
3780.1	20
3840.1	17
3900.1	28
3960.1	28
4020.1	27
4080.1	28
4140.1	24
4200.1	23
4260.1	22
4320.1	17
4380.1	25
4440.1	29
4500.1	26
4560.1	24
4620.1	21
4680.1	19
4740.1	19
4800.1	18
4860.1	27
4920.1	24
4980.1	23
5040.1	21
5100.1	28
5160.1	28
5220.1	27
5280.1	25
5340.1	19
5400.1	25
5460.1	28
5520.1	26
5580.1	24
5640.1	22
5700.1	20
5760.1	19
5820.1	23
5880.1	23
5940.1	23
6000.1	20
6060.1	19
6120.1	29
6180.1	29
6240.1	26
6300.1	25
6360.1	26
6420.1	28
6480.1	25
6540.1	25
6600.1	27
6660.1	27
6720.1	27
6780.1	24
6840.1	20
6900.1	16
6960.1	17
7020.1	22
7080.1	22
7140.1	21
7200.1	20
7260.1	16
7320.1	27
7380.1	27
7440.1	25
7500.1	24
7560.1	18
7620.1	25
7680.1	29
7740.1	26
7800.1	24
7860.1	22
7920.1	19
7980.1	19
8040.1	17
8100.1	16
8160.1	20
8220.1	21
8280.1	20
8340.1	18
8400.1	24
8460.1	22
8520.1	22
8580.1	19
8640.1	17
8700.1	23
8760.1	23
8820.1	23
8880.1	20
8940.1	26
9000.1	24
9060.1	24
9120.1	19
9180.1	18
9240.1	22
9300.1	24
9360.1	21
9420.1	19
9480.1	19
9540.1	18
9600.1	17
9660.1	16
9720.1	22
9780.1	25
9840.1	24
9900.1	29
9960.1	28
10020.1	28
10080.1	28
10140.1	22
10200.1	19
10260.1	18
10320.1	22
10380.1	22
10440.1	20
10500.1	20
10560.1	17
10620.1	19
10680.1	20
10740.1	18
10800.1	18
10860.1	16
10920.1	23
10980.1	22
11040.1	21
11100.1	18
11160.1	23
11220.1	21
11280.1	20
11340.1	19
11400.1	16
11460.1	22
11520.1	23
11580.1	21
11640.1	20
11700.1	19
11760.1	17
11820.1	16
11880.1	15
11940.1	23
12000.1	25
12060.1	23
12120.1	20
12180.1	21
12240.1	23
12300.1	24
12360.1	21
12420.1	20
12480.1	27
12540.1	29
12600.1	28
12660.1	27
12720.1	22
12780.1	24
12840.1	26
12900.1	25
12960.1	22
13020.1	21
13080.1	20
13140.1	17
13200.1	15
13260.1	19
13320.1	21
13380.1	20
13440.1	27
13500.1	27
13560.1	26
13620.1	24
13680.1	25
13740.1	27
13800.1	25
13860.1	22
13920.1	19
13980.1	15
14040.1	24
14100.1	25
14160.1	24
14220.1	22
14280.1	20
14340.1	24
14400.1	28
14460.1	26
14520.1	24
14580.1	21
14640.1	24
14700.1	22
14760.1	21
14820.1	18
14880.1	18
14940.1	24
15000.1	23
15060.1	22
15120.1	20
15180.1	23
15240.1	23
15300.1	23
15360.1	19
15420.1	19
15480.1	15
15540.1	24
15600.1	26
15660.1	28
15720.1	25
15780.1	20
15840.1	24
15900.1	25
15960.1	23
16020.1	22
16080.1	18
16140.1	17
16200.1	24
16260.1	24
16320.1	23
16380.1	22
16440.1	20
16500.1	25
16560.1	25
16620.1	25
16680.1	24
16740.1	20
16800.1	24
16860.1	24
16920.1	23
16980.1	20
17040.1	19
17100.1	18
17160.1	19
17220.1	16
17280.1	25
17340.1	27
17400.1	25
17460.1	23
17520.1	22
17580.1	17
17640.1	16
17700.1	21
17760.1	23
17820.1	24
17880.1	22
17940.1	19
18000.1	17
18060.1	24
18120.1	22
18180.1	21
18240.1	25
18300.1	26
18360.1	24
18420.1	21
18480.1	18
18540.1	23
18600.1	28
18660.1	26
18720.1	25
18780.1	20
18840.1	23
18900.1	25
18960.1	23
19020.1	22
19080.1	27
19140.1	26
19200.1	25
19260.1	24
19320.1	18
19380.1	18
19440.1	18
19500.1	18
19560.1	17
19620.1	17
19680.1	21
19740.1	24
19800.1	22
19860.1	22
19920.1	20
19980.1	25
20040.1	29
20100.1	29
20160.1	28
20220.1	24
20280.1	19
20340.1	23
20400.1	24
20460.1	23
20520.1	20
20580.1	18
20640.1	17
20700.1	17
20760.1	17
20820.1	18
20880.1	17
20940.1	24
21000.1	23
21060.1	22
21120.1	20
21180.1	16
21240.1	15
21300.1	24
21360.1	23
21420.1	22
21480.1	20
21540.1	26
21600.1	26
21660.1	25
21720.1	20
21780.1	26
21840.1	27
21900.1	27
21960.1	24
22020.1	20
22080.1	17
22140.1	23
22200.1	25
22260.1	24
22320.1	22
22380.1	21
22440.1	18
22500.1	17
22560.1	15
22620.1	24
22680.1	22
22740.1	22
22800.1	18
22860.1	17
22920.1	24
22980.1	24
23040.1	23
23100.1	19
23160.1	25
23220.1	23
23280.1	23
23340.1	19
23400.1	26
23460.1	27
23520.1	24
23580.1	21
23640.1	20
23700.1	18
23760.1	24
23820.1	24
23880.1	22
23940.1	21
24000.1	20
24060.1	17
24120.1	25
24180.1	25
24240.1	24
24300.1	24
24360.1	19
24420.1	18
24480.1	21
24540.1	24
24600.1	22
24660.1	21
24720.1	19
24780.1	16
24840.1	24
24900.1	26
24960.1	24
25020.1	23
25080.1	18
25140.1	25
25200.1	25
25260.1	24
25320.1	22
25380.1	26
25440.1	31
25500.1	30
25560.1	30
25620.1	26
25680.1	26
25740.1	26
25800.1	26
25860.1	23
25920.1	22
25980.1	21
26040.1	19
26100.1	18
26160.1	22
26220.1	22
26280.1	22
26340.1	22
26400.1	18
26460.1	23
26520.1	27
26580.1	26
26640.1	24
26700.1	21
26760.1	18
26820.1	17
26880.1	16
26940.1	16
27000.1	22
27060.1	23
27120.1	22
27180.1	19
27240.1	18
27300.1	17
27360.1	24
27420.1	26
27480.1	25
27540.1	19
27600.1	19
27660.1	17
27720.1	23
27780.1	21
27840.1	21
27900.1	19
27960.1	18
28020.1	17
28080.1	22
28140.1	25
28200.1	24
28260.1	21
28320.1	17
28380.1	24
28440.1	26
28500.1	25
28560.1	24
28620.1	19
28680.1	16
28740.1	24
28800.1	26
28860.1	25
28920.1	24
28980.1	24
29040.1	24
29100.1	22
29160.1	19
29220.1	18
29280.1	17
29340.1	17
29400.1	21
29460.1	20
29520.1	20
29580.1	19
29640.1	22
29700.1	25
29760.1	23
29820.1	20
29880.1	20
29940.1	14
30000.1	14
30060.1	14
30120.1	14
30180.1	14
30240.1	14
30300.1	14
30360.1	14
30420.1	14
30480.1	14
30540.1	14
30600.1	14
30660.1	14
30720.1	14
30780.1	14
30840.1	14
30900.1	14
30960.1	14
31020.1	14
31080.1	14
31140.1	14
31200.1	14
31260.1	14
31320.1	14
31380.1	14
31440.1	14
31500.1	14
31560.1	14
31620.1	14
31680.1	14
31740.1	14
31800.1	14
31860.1	14
31920.1	14
31980.1	14
32040.1	14
32100.1	14
32160.1	14
32220.1	14
32280.1	14
32340.1	14
32400.1	14
32460.1	14
32520.1	14
32580.1	14
32640.1	14
32700.1	14
32760.1	14
32820.1	14
32880.1	14
32940.1	14
33000.1	14
33060.1	14
33120.1	14
33180.1	14
33240.1	14
33300.1	14
33360.1	14
33420.1	14
33480.1	14
33540.1	14
33600.1	14
33660.1	14
33720.1	14
33780.1	14
33840.1	14
33900.1	14
33960.1	14
34020.1	14
34080.1	14
34140.1	14
34200.1	14
34260.1	14
34320.1	14
34380.1	14
34440.1	14
34500.1	14
34560.1	14
34620.1	14
34680.1	14
34740.1	14
34800.1	14
34860.1	14
34920.1	14
34980.1	14
35040.1	14
35100.1	14
35160.1	14
35220.1	14
35280.1	14
35340.1	14
35400.1	14
35460.1	14
35520.1	14
35580.1	14
35640.1	14
35700.1	14
35760.1	14
35820.1	14
35880.1	14
35940.1	14
36000.1	14
36060.1	14
36120.1	14
36180.1	14
36240.1	14
36300.1	14
36360.1	14
36420.1	14
36480.1	14
36540.1	14
36600.1	14
36660.1	14
36720.1	14
36780.1	14
36840.1	14
36900.1	14
36960.1	14
37020.1	14
37080.1	14
37140.1	14
37200.1	14
37260.1	14
37320.1	14
37380.1	14
37440.1	14
37500.1	14
37560.1	14
37620.1	14
37680.1	14
37740.1	14
37800.1	14
37860.1	14
37920.1	14
37980.1	14
38040.1	14
38100.1	14
38160.1	14
38220.1	14
38280.1	14
38340.1	14
38400.1	14
38460.1	14
38520.1	14
38580.1	14
38640.1	14
38700.1	14
38760.1	14
38820.1	14
38880.1	14
38940.1	14
39000.1	14
39060.1	14
39120.1	14
39180.1	14
39240.1	14
39300.1	14
39360.1	14
39420.1	14
39480.1	14
39540.1	14
39600.1	14
39660.1	14
39720.1	14
39780.1	14
39840.1	14
39900.1	14
39960.1	14
40020.1	14
40080.1	14
40140.1	14
40200.1	14
40260.1	14
40320.1	14
40380.1	14
40440.1	14
40500.1	14
40560.1	14
40620.1	14
40680.1	14
40740.1	14
40800.1	14
40860.1	14
40920.1	14
40980.1	14
41040.1	14
41100.1	14
41160.1	14
41220.1	14
41280.1	14
41340.1	14
41400.1	14
41460.1	14
41520.1	14
41580.1	14
41640.1	14
41700.1	14
41760.1	14
41820.1	14
41880.1	14
41940.1	14
42000.1	14
42060.1	14
42120.1	14
42180.1	14
42240.1	14
42300.1	14
42360.1	14
42420.1	14
42480.1	14
42540.1	14
42600.1	14
42660.1	14
42720.1	14
42780.1	14
42840.1	14
42900.1	14
42960.1	14
43020.1	14
43080.1	14
43140.1	14
43200.1	14
43260.1	14
43320.1	14
43380.1	14
43440.1	14
43500.1	14
43560.1	14
43620.1	14
43680.1	14
43740.1	14
43800.1	14
43860.1	14
43920.1	14
43980.1	14
44040.1	14
44100.1	14
44160.1	14
44220.1	14
44280.1	14
44340.1	14
44400.1	14
44460.1	14
44520.1	14
44580.1	14
44640.1	14
44700.1	14
44760.1	14
44820.1	14
44880.1	14
44940.1	14
45000.1	14
45060.1	14
45120.1	14
45180.1	14
45240.1	14
45300.1	14
45360.1	14
45420.1	14
45480.1	14
45540.1	14
45600.1	14
45660.1	14
45720.1	14
45780.1	14
45840.1	14
45900.1	14
45960.1	14
46020.1	14
46080.1	14
46140.1	14
46200.1	14
46260.1	14
46320.1	14
46380.1	14
46440.1	14
46500.1	14
46560.1	14
46620.1	14
46680.1	14
46740.1	14
46800.1	14
46860.1	14
46920.1	14
46980.1	14
47040.1	14
47100.1	14
47160.1	14
47220.1	14
47280.1	14
47340.1	14
47400.1	14
47460.1	14
47520.1	14
47580.1	14
47640.1	14
47700.1	14
47760.1	14
47820.1	14
47880.1	14
47940.1	14
48000.1	14
48060.1	14
48120.1	14
48180.1	14
48240.1	14
48300.1	14
48360.1	14
48420.1	14
48480.1	14
48540.1	14
48600.1	14
48660.1	14
48720.1	14
48780.1	14
48840.1	14
48900.1	14
48960.1	14
49020.1	14
49080.1	14
49140.1	14
49200.1	14
49260.1	14
49320.1	14
49380.1	14
49440.1	14
49500.1	14
49560.1	14
49620.1	14
49680.1	14
49740.1	14
49800.1	14
49860.1	14
49920.1	14
49980.1	14
50040.1	14
50100.1	14
50160.1	14
50220.1	14
50280.1	14
50340.1	14
50400.1	14
50460.1	14
50520.1	14
50580.1	14
50640.1	14
50700.1	14
50760.1	14
50820.1	14
50880.1	14
50940.1	14
51000.1	14
51060.1	14
51120.1	14
51180.1	14
51240.1	14
51300.1	14
51360.1	14
51420.1	14
51480.1	14
51540.1	14
51600.1	14
51660.1	14
51720.1	14
51780.1	14
51840.1	14
51900.1	14
51960.1	14
52020.1	14
52080.1	14
52140.1	14
52200.1	14
52260.1	14
52320.1	14
52380.1	14
52440.1	14
52500.1	14
52560.1	14
52620.1	14
52680.1	14
52740.1	14
52800.1	14
52860.1	14
52920.1	14
52980.1	14
53040.1	14
53100.1	14
53160.1	14
53220.1	14
53280.1	14
53340.1	14
53400.1	14
53460.1	14
53520.1	14
53580.1	14
53640.1	14
53700.1	14
53760.1	14
53820.1	14
53880.1	14
53940.1	14
54000.1	14
54060.1	14
54120.1	14
54180.1	14
54240.1	14
54300.1	14
54360.1	14
54420.1	14
54480.1	14
54540.1	14
54600.1	14
54660.1	14
54720.1	14
54780.1	14
54840.1	14
54900.1	14
54960.1	14
55020.1	14
55080.1	14
55140.1	14
55200.1	14
55260.1	14
55320.1	14
55380.1	14
55440.1	14
55500.1	14
55560.1	14
55620.1	14
55680.1	14
55740.1	14
55800.1	14
55860.1	14
55920.1	14
55980.1	14
56040.1	14
56100.1	14
56160.1	14
56220.1	14
56280.1	14
56340.1	14
56400.1	14
56460.1	14
56520.1	14
56580.1	14
56640.1	14
56700.1	14
56760.1	14
56820.1	14
56880.1	14
56940.1	14
57000.1	14
57060.1	14
57120.1	14
57180.1	14
57240.1	14
57300.1	14
57360.1	14
57420.1	14
57480.1	14
57540.1	14
57600.1	14
57660.1	14
57720.1	14
57780.1	14
57840.1	14
57900.1	14
57960.1	14
58020.1	14
58080.1	14
58140.1	14
58200.1	14
58260.1	14
58320.1	14
58380.1	14
58440.1	14
58500.1	14
58560.1	14
58620.1	14
58680.1	14
58740.1	14
58800.1	14
58860.1	14
58920.1	14
58980.1	14
59040.1	14
59100.1	14
59160.1	14
59220.1	14
59280.1	14
59340.1	14
59400.1	14
59460.1	14
59520.1	14
59580.1	14
59640.1	14
59700.1	14
59760.1	14
59820.1	14
59880.1	14
59940.1	14
60000.1	14
60060.1	14
60120.1	14
60180.1	14
60240.1	14
60300.1	14
60360.1	14
60420.1	14
60480.1	14
60540.1	14
60600.1	14
60660.1	14
60720.1	14
60780.1	14
60840.1	14
60900.1	14
60960.1	14
61020.1	14
61080.1	14
61140.1	14
61200.1	14
61260.1	14
61320.1	14
61380.1	14
61440.1	14
61500.1	14
61560.1	14
61620.1	14
61680.1	14
61740.1	14
61800.1	14
61860.1	14
61920.1	14
61980.1	14
62040.1	14
62100.1	14
62160.1	14
62220.1	14
62280.1	14
62340.1	14
62400.1	14
62460.1	14
62520.1	14
62580.1	14
62640.1	14
62700.1	14
62760.1	14
62820.1	14
62880.1	14
62940.1	14
63000.1	14
63060.1	14
63120.1	14
63180.1	14
63240.1	14
63300.1	14
63360.1	14
63420.1	14
63480.1	14
63540.1	14
63600.1	14
63660.1	14
63720.1	14
63780.1	14
63840.1	14
63900.1	14
63960.1	14
64020.1	14
64080.1	14
64140.1	14
64200.1	14
64260.1	14
64320.1	14
64380.1	14
64440.1	14
64500.1	14
64560.1	14
64620.1	14
64680.1	14
64740.1	14
64800.1	14
64860.1	14
64920.1	14
64980.1	14
65040.1	14
65100.1	14
65160.1	14
65220.1	14
65280.1	14
65340.1	14
65400.1	14
65460.1	14
65520.1	14
65580.1	14
65640.1	14
65700.1	14
65760.1	14
65820.1	14
65880.1	14
65940.1	14
66000.1	14
66060.1	14
66120.1	14
66180.1	14
66240.1	14
66300.1	14
66360.1	14
66420.1	14
66480.1	14
66540.1	14
66600.1	14
66660.1	14
66720.1	14
66780.1	14
66840.1	14
66900.1	14
66960.1	14
67020.1	14
67080.1	14
67140.1	14
67200.1	14
67260.1	14
67320.1	14
67380.1	14
67440.1	14
67500.1	14
67560.1	14
67620.1	14
67680.1	14
67740.1	14
67800.1	14
67860.1	14
67920.1	14
67980.1	14
68040.1	14
68100.1	14
68160.1	14
68220.1	14
68280.1	14
68340.1	14
68400.1	14
68460.1	14
68520.1	14
68580.1	14
68640.1	14
68700.1	14
68760.1	14
68820.1	14
68880.1	14
68940.1	14
69000.1	14
69060.1	14
69120.1	14
69180.1	14
69240.1	14
69300.1	14
69360.1	14
69420.1	14
69480.1	14
69540.1	14
69600.1	14
69660.1	14
69720.1	14
69780.1	14
69840.1	14
69900.1	14
69960.1	14
70020.1	14
70080.1	14
70140.1	14
70200.1	14
70260.1	14
70320.1	14
70380.1	14
70440.1	14
70500.1	14
70560.1	14
70620.1	14
70680.1	14
70740.1	14
70800.1	14
70860.1	14
70920.1	14
70980.1	14
71040.1	14
71100.1	14
71160.1	14
71220.1	14
71280.1	14
71340.1	14
71400.1	14
71460.1	14
71520.1	14
71580.1	14
71640.1	14
71700.1	14
71760.1	14
71820.1	14
71880.1	14
71940.1	14
72000.1	14
72060.1	14
72120.1	14
72180.1	14
72240.1	14
72300.1	14
72360.1	14
72420.1	14
72480.1	14
72540.1	14
72600.1	14
72660.1	14
72720.1	14
72780.1	14
72840.1	14
72900.1	14
72960.1	14
73020.1	14
73080.1	14
73140.1	14
73200.1	14
73260.1	14
73320.1	14
73380.1	14
73440.1	14
73500.1	14
73560.1	14
73620.1	14
73680.1	14
73740.1	14
73800.1	14
73860.1	14
73920.1	14
73980.1	14
74040.1	14
74100.1	14
74160.1	14
74220.1	14
74280.1	14
74340.1	14
74400.1	14
74460.1	14
74520.1	14
74580.1	14
74640.1	14
74700.1	14
74760.1	14
74820.1	14
74880.1	14
74940.1	14
75000.1	14
75060.1	14
75120.1	14
75180.1	14
75240.1	14
75300.1	14
75360.1	14
75420.1	14
75480.1	14
75540.1	14
75600.1	14
75660.1	14
75720.1	14
75780.1	14
75840.1	14
75900.1	14
75960.1	14
76020.1	14
76080.1	14
76140.1	14
76200.1	14
76260.1	14
76320.1	14
76380.1	14
76440.1	14
76500.1	14
76560.1	14
76620.1	14
76680.1	14
76740.1	14
76800.1	14
76860.1	14
76920.1	14
76980.1	14
77040.1	14
77100.1	14
77160.1	14
77220.1	14
77280.1	14
77340.1	14
77400.1	14
77460.1	14
77520.1	14
77580.1	14
77640.1	14
77700.1	14
77760.1	14
77820.1	14
77880.1	14
77940.1	14
78000.1	14
78060.1	14
78120.1	14
78180.1	14
78240.1	14
78300.1	14
78360.1	14
78420.1	14
78480.1	14
78540.1	14
78600.1	14
78660.1	14
78720.1	14
78780.1	14
78840.1	14
78900.1	14
78960.1	14
79020.1	14
79080.1	14
79140.1	14
79200.1	14
79260.1	14
79320.1	14
79380.1	14
79440.1	14
79500.1	14
79560.1	14
79620.1	14
79680.1	14
79740.1	14
79800.1	14
79860.1	14
79920.1	14
79980.1	14
80040.1	14
80100.1	14
80160.1	14
80220.1	14
80280.1	14
80340.1	14
80400.1	14
80460.1	14
80520.1	14
80580.1	14
80640.1	14
80700.1	14
80760.1	14
80820.1	14
80880.1	14
80940.1	14
81000.1	14
81060.1	14
81120.1	14
81180.1	14
81240.1	14
81300.1	14
81360.1	14
81420.1	14
81480.1	14
81540.1	14
81600.1	14
81660.1	14
81720.1	14
81780.1	14
81840.1	14
81900.1	14
81960.1	14
82020.1	14
82080.1	14
82140.1	14
82200.1	14
82260.1	14
82320.1	14
82380.1	14
82440.1	14
82500.1	14
82560.1	14
82620.1	14
82680.1	14
82740.1	14
82800.1	14
82860.1	14
82920.1	14
82980.1	14
83040.1	14
83100.1	14
83160.1	14
83220.1	14
83280.1	14
83340.1	14
83400.1	14
83460.1	14
83520.1	14
83580.1	14
83640.1	14
83700.1	14
83760.1	14
83820.1	14
83880.1	14
83940.1	14
84000.1	14
84060.1	14
84120.1	14
84180.1	14
84240.1	14
84300.1	14
84360.1	14
84420.1	14
84480.1	14
84540.1	14
84600.1	14
84660.1	14
84720.1	14
84780.1	14
84840.1	14
84900.1	14
84960.1	14
85020.1	14
85080.1	14
85140.1	14
85200.1	14
85260.1	14
85320.1	14
85380.1	14
85440.1	14
85500.1	14
85560.1	14
85620.1	14
85680.1	14
85740.1	14
85800.1	14
85860.1	14
85920.1	14
85980.1	14
86040.1	14
86100.1	14
86160.1	14
86220.1	14
86280.1	14
86340.1	14
