0.1 20
0.1 20
0.1 20
0.1 20
60.1 540
120.1 111470
180.1 4100
240.1 2150
300.1 2305
360.1 2040
420.1 1975
480.1 2335
540.1 1895
600.1 3335
660.1 3445
720.1 2805
780.1 2025
840.1 1945
900.1 2380
960.1 2420
1020.1 1750
1080.1 2870
1140.1 3060
1200.1 2670
1260.1 2065
1320.1 1915
1380.1 2455
1440.1 3215
1500.1 2895
1560.1 1560
1620.1 1435
1680.1 2675
1740.1 3000
1800.1 1850
1860.1 1855
1920.1 2065
1980.1 1720
2040.1 2660
2100.1 2685
2160.1 2105
2220.1 1940
2280.1 1840
2340.1 2200
2400.1 3540
2460.1 4395
2520.1 3330
2580.1 2230
2640.1 3290
2700.1 2915
2760.1 1865
2820.1 1575
2880.1 2070
2940.1 2490
3000.1 2345
3060.1 1900
3120.1 2620
3180.1 2690
3240.1 2455
3300.1 1990
3360.1 1935
3420.1 2215
3480.1 1490
3540.1 1635
3600.1 2535
3660.1 2270
3720.1 1875
3780.1 1800
3840.1 1730
3900.1 3110
3960.1 3115
4020.1 2190
4080.1 2345
4140.1 2365
4200.1 2410
4260.1 1970
4320.1 2070
4380.1 2830
4440.1 2760
4500.1 2590
4560.1 2590
4620.1 2170
4680.1 1970
4740.1 1775
4800.1 1550
4860.1 3130
4920.1 2765
4980.1 1905
5040.1 1970
5100.1 2730
5160.1 2900
5220.1 2195
5280.1 1955
5340.1 2200
5400.1 2720
5460.1 2805
5520.1 2345
5580.1 1910
5640.1 1955
5700.1 1905
5760.1 1395
5820.1 2275
5880.1 1940
5940.1 1745
6000.1 1945
6060.1 1430
6120.1 3050
6180.1 2910
6240.1 2430
6300.1 1565
6360.1 2085
6420.1 2825
6480.1 2375
6540.1 1585
6600.1 2365
6660.1 2495
6720.1 2030
6780.1 2090
6840.1 1970
6900.1 2015
6960.1 1285
7020.1 2225
7080.1 1735
7140.1 1535
7200.1 1660
7260.1 1835
7320.1 3095
7380.1 3325
7440.1 2160
7500.1 1655
7560.1 2310
7620.1 2790
7680.1 3100
7740.1 2440
7800.1 1840
7860.1 1980
7920.1 2075
7980.1 1720
8040.1 1675
8100.1 1290
8160.1 2010
8220.1 1970
8280.1 1640
8340.1 1605
8400.1 2405
8460.1 2035
8520.1 1565
8580.1 1820
8640.1 1520
8700.1 2460
8760.1 2120
8820.1 1715
8880.1 1900
8940.1 2820
9000.1 2310
9060.1 1725
9120.1 1965
9180.1 2000
9240.1 3400
9300.1 3675
9360.1 2800
9420.1 2565
9480.1 1435
9540.1 1475
9600.1 1715
9660.1 1295
9720.1 2415
9780.1 2230
9840.1 1650
9900.1 2690
9960.1 2940
10020.1 2165
10080.1 1895
10140.1 2325
10200.1 2005
10260.1 1655
10320.1 3155
10380.1 2575
10440.1 2255
10500.1 1505
10560.1 2555
10620.1 3935
10680.1 4335
10740.1 2870
10800.1 2195
10860.1 1535
10920.1 2595
10980.1 2250
11040.1 1760
11100.1 1750
11160.1 2410
11220.1 2055
11280.1 1520
11340.1 2195
11400.1 1935
11460.1 3535
11520.1 3355
11580.1 2730
11640.1 2005
11700.1 2305
11760.1 1565
11820.1 1270
11880.1 1365
11940.1 2645
12000.1 2385
12060.1 2095
12120.1 2255
12180.1 1470
12240.1 2350
12300.1 2225
12360.1 2065
12420.1 1555
12480.1 2795
12540.1 2990
12600.1 2330
12660.1 1950
12720.1 2140
12780.1 2260
12840.1 2580
12900.1 2020
12960.1 1935
13020.1 2105
13080.1 1540
13140.1 2020
13200.1 1410
13260.1 1990
13320.1 1875
13380.1 1555
13440.1 2735
13500.1 2885
13560.1 1985
13620.1 1825
13680.1 2145
13740.1 2575
13800.1 2180
13860.1 1895
13920.1 2435
13980.1 1805
14040.1 2765
14100.1 2565
14160.1 2245
14220.1 1785
14280.1 2035
14340.1 2795
14400.1 2780
14460.1 2260
14520.1 2105
14580.1 1855
14640.1 2315
14700.1 2060
14760.1 1760
14820.1 1925
14880.1 1315
14940.1 2455
15000.1 2230
15060.1 1785
15120.1 1635
15180.1 2195
15240.1 1860
15300.1 1700
15360.1 2090
15420.1 1655
15480.1 1770
15540.1 2750
15600.1 2765
15660.1 2625
15720.1 2315
15780.1 2500
15840.1 3680
15900.1 3575
15960.1 3140
16020.1 2500
16080.1 1950
16140.1 1535
16200.1 2535
16260.1 2460
16320.1 2000
16380.1 1685
16440.1 1800
16500.1 2560
16560.1 2095
16620.1 1990
16680.1 1900
16740.1 1925
16800.1 2385
16860.1 2145
16920.1 1910
16980.1 1760
17040.1 2170
17100.1 1620
17160.1 1760
17220.1 1935
17280.1 3015
17340.1 2600
17400.1 2335
17460.1 1740
17520.1 2385
17580.1 1935
17640.1 1380
17700.1 2240
17760.1 2055
17820.1 2150
17880.1 1840
17940.1 1720
18000.1 1635
18060.1 2495
18120.1 2285
18180.1 1590
18240.1 2410
18300.1 2390
18360.1 2115
18420.1 2075
18480.1 1720
18540.1 2420
18600.1 2685
18660.1 2435
18720.1 1755
18780.1 2265
18840.1 2525
18900.1 2310
18960.1 1835
19020.1 1690
19080.1 2610
19140.1 2515
19200.1 2100
19260.1 1645
19320.1 2325
19380.1 1710
19440.1 1340
19500.1 1690
19560.1 1545
19620.1 1175
19680.1 2055
19740.1 2395
19800.1 2030
19860.1 1665
19920.1 1625
19980.1 2585
20040.1 2805
20100.1 2295
20160.1 2190
20220.1 1910
20280.1 2120
20340.1 2320
20400.1 2250
20460.1 1870
20520.1 1910
20580.1 1725
20640.1 1505
20700.1 1325
20760.1 1265
20820.1 1955
20880.1 1430
20940.1 2570
21000.1 2210
21060.1 1755
21120.1 1735
21180.1 2190
21240.1 1385
21300.1 2705
21360.1 2500
21420.1 1865
21480.1 1770
21540.1 2790
21600.1 2175
21660.1 1970
21720.1 2205
21780.1 2885
21840.1 2720
21900.1 1965
21960.1 2090
22020.1 2075
22080.1 1715
22140.1 2455
22200.1 2195
22260.1 1995
22320.1 2000
22380.1 1695
22440.1 1880
22500.1 1490
22560.1 1805
22620.1 2845
22680.1 2105
22740.1 1615
22800.1 2090
22860.1 1380
22920.1 2560
22980.1 2705
23040.1 1780
23100.1 1990
23160.1 2630
23220.1 2255
23280.1 1755
23340.1 2045
23400.1 2805
23460.1 2935
23520.1 2320
23580.1 1940
23640.1 2485
23700.1 1805
23760.1 3345
23820.1 3610
23880.1 3080
23940.1 2275
24000.1 1755
24060.1 1820
24120.1 2740
24180.1 2315
24240.1 2065
24300.1 1650
24360.1 2115
24420.1 1505
24480.1 1965
24540.1 2340
24600.1 2035
24660.1 1790
24720.1 1755
24780.1 1750
24840.1 2690
24900.1 2795
24960.1 2205
25020.1 1595
25080.1 2130
25140.1 2690
25200.1 2515
25260.1 1900
25320.1 1735
25380.1 2515
25440.1 3210
25500.1 2520
25560.1 2015
25620.1 2125
25680.1 2205
25740.1 2150
25800.1 1985
25860.1 2325
25920.1 1790
25980.1 1940
26040.1 1985
26100.1 1375
26160.1 2155
26220.1 2090
26280.1 1780
26340.1 1510
26400.1 1870
26460.1 2430
26520.1 2750
26580.1 2115
26640.1 2105
26700.1 1965
26760.1 1695
26820.1 1600
26880.1 1765
26940.1 1225
27000.1 2365
27060.1 1980
27120.1 1830
27180.1 1975
27240.1 1840
27300.1 1435
27360.1 2655
27420.1 2505
27480.1 1920
27540.1 1935
27600.1 2470
27660.1 1530
27720.1 2390
27780.1 1955
27840.1 1620
27900.1 1830
27960.1 1610
28020.1 1435
28080.1 2315
28140.1 2285
28200.1 1900
28260.1 2070
28320.1 1900
28380.1 2700
28440.1 2515
28500.1 1940
28560.1 1775
28620.1 2385
28680.1 1705
28740.1 2785
28800.1 2920
28860.1 2150
28920.1 1480
28980.1 1820
29040.1 2090
29100.1 1935
29160.1 1810
29220.1 1595
29280.1 1460
29340.1 1155
29400.1 2055
29460.1 1745
29520.1 1600
29580.1 1410
29640.1 2090
29700.1 2410
29760.1 1945
29820.1 1700
29880.1 1240
29940.1 1505
30000.1 785
30060.1 725
30120.1 645
30180.1 645
30240.1 645
30300.1 645
30360.1 645
30420.1 645
30480.1 645
30540.1 645
30600.1 645
30660.1 645
30720.1 645
30780.1 645
30840.1 645
30900.1 645
30960.1 645
31020.1 645
31080.1 645
31140.1 645
31200.1 645
31260.1 645
31320.1 645
31380.1 645
31440.1 645
31500.1 645
31560.1 645
31620.1 645
31680.1 645
31740.1 645
31800.1 645
31860.1 645
31920.1 645
31980.1 645
32040.1 645
32100.1 645
32160.1 645
32220.1 645
32280.1 645
32340.1 645
32400.1 645
32460.1 645
32520.1 645
32580.1 645
32640.1 645
32700.1 645
32760.1 645
32820.1 645
32880.1 645
32940.1 645
33000.1 645
33060.1 645
33120.1 645
33180.1 645
33240.1 645
33300.1 645
33360.1 645
33420.1 645
33480.1 645
33540.1 645
33600.1 645
33660.1 645
33720.1 645
33780.1 645
33840.1 645
33900.1 645
33960.1 645
34020.1 645
34080.1 645
34140.1 645
34200.1 645
34260.1 645
34320.1 645
34380.1 645
34440.1 645
34500.1 645
34560.1 645
34620.1 645
34680.1 645
34740.1 645
34800.1 645
34860.1 645
34920.1 645
34980.1 645
35040.1 645
35100.1 645
35160.1 645
35220.1 645
35280.1 645
35340.1 645
35400.1 645
35460.1 645
35520.1 645
35580.1 645
35640.1 645
35700.1 645
35760.1 645
35820.1 645
35880.1 645
35940.1 645
36000.1 645
36060.1 645
36120.1 645
36180.1 645
36240.1 645
36300.1 645
36360.1 645
36420.1 645
36480.1 645
36540.1 645
36600.1 645
36660.1 645
36720.1 645
36780.1 645
36840.1 645
36900.1 645
36960.1 645
37020.1 645
37080.1 645
37140.1 645
37200.1 645
37260.1 645
37320.1 645
37380.1 645
37440.1 645
37500.1 645
37560.1 645
37620.1 645
37680.1 645
37740.1 645
37800.1 645
37860.1 645
37920.1 645
37980.1 645
38040.1 645
38100.1 645
38160.1 645
38220.1 645
38280.1 645
38340.1 645
38400.1 645
38460.1 645
38520.1 645
38580.1 645
38640.1 645
38700.1 645
38760.1 645
38820.1 645
38880.1 645
38940.1 645
39000.1 645
39060.1 645
39120.1 645
39180.1 645
39240.1 645
39300.1 645
39360.1 645
39420.1 645
39480.1 645
39540.1 645
39600.1 645
39660.1 645
39720.1 645
39780.1 645
39840.1 645
39900.1 645
39960.1 645
40020.1 645
40080.1 645
40140.1 645
40200.1 645
40260.1 645
40320.1 645
40380.1 645
40440.1 645
40500.1 645
40560.1 645
40620.1 645
40680.1 645
40740.1 645
40800.1 645
40860.1 645
40920.1 645
40980.1 645
41040.1 645
41100.1 645
41160.1 645
41220.1 645
41280.1 645
41340.1 645
41400.1 645
41460.1 645
41520.1 645
41580.1 645
41640.1 645
41700.1 645
41760.1 645
41820.1 645
41880.1 645
41940.1 645
42000.1 645
42060.1 645
42120.1 645
42180.1 645
42240.1 645
42300.1 645
42360.1 645
42420.1 645
42480.1 645
42540.1 645
42600.1 645
42660.1 645
42720.1 645
42780.1 645
42840.1 645
42900.1 645
42960.1 645
43020.1 645
43080.1 645
43140.1 645
43200.1 645
43260.1 645
43320.1 645
43380.1 645
43440.1 645
43500.1 645
43560.1 645
43620.1 645
43680.1 645
43740.1 645
43800.1 645
43860.1 645
43920.1 645
43980.1 645
44040.1 645
44100.1 645
44160.1 645
44220.1 645
44280.1 645
44340.1 645
44400.1 645
44460.1 645
44520.1 645
44580.1 645
44640.1 645
44700.1 645
44760.1 645
44820.1 645
44880.1 645
44940.1 645
45000.1 645
45060.1 645
45120.1 645
45180.1 645
45240.1 645
45300.1 645
45360.1 645
45420.1 645
45480.1 645
45540.1 645
45600.1 645
45660.1 645
45720.1 645
45780.1 645
45840.1 645
45900.1 645
45960.1 645
46020.1 645
46080.1 645
46140.1 645
46200.1 645
46260.1 645
46320.1 645
46380.1 645
46440.1 645
46500.1 645
46560.1 645
46620.1 645
46680.1 645
46740.1 645
46800.1 645
46860.1 645
46920.1 645
46980.1 645
47040.1 645
47100.1 645
47160.1 645
47220.1 645
47280.1 645
47340.1 645
47400.1 645
47460.1 645
47520.1 645
47580.1 645
47640.1 645
47700.1 645
47760.1 645
47820.1 645
47880.1 645
47940.1 645
48000.1 645
48060.1 645
48120.1 645
48180.1 645
48240.1 645
48300.1 645
48360.1 645
48420.1 645
48480.1 645
48540.1 645
48600.1 645
48660.1 645
48720.1 645
48780.1 645
48840.1 645
48900.1 645
48960.1 645
49020.1 645
49080.1 645
49140.1 645
49200.1 645
49260.1 645
49320.1 645
49380.1 645
49440.1 645
49500.1 645
49560.1 645
49620.1 645
49680.1 645
49740.1 645
49800.1 645
49860.1 645
49920.1 645
49980.1 645
50040.1 645
50100.1 645
50160.1 645
50220.1 645
50280.1 645
50340.1 645
50400.1 645
50460.1 645
50520.1 645
50580.1 645
50640.1 645
50700.1 645
50760.1 645
50820.1 645
50880.1 645
50940.1 645
51000.1 645
51060.1 645
51120.1 645
51180.1 645
51240.1 645
51300.1 645
51360.1 645
51420.1 645
51480.1 645
51540.1 645
51600.1 645
51660.1 645
51720.1 645
51780.1 645
51840.1 645
51900.1 645
51960.1 645
52020.1 645
52080.1 645
52140.1 645
52200.1 645
52260.1 645
52320.1 645
52380.1 645
52440.1 645
52500.1 645
52560.1 645
52620.1 645
52680.1 645
52740.1 645
52800.1 645
52860.1 645
52920.1 645
52980.1 645
53040.1 645
53100.1 645
53160.1 645
53220.1 645
53280.1 645
53340.1 645
53400.1 645
53460.1 645
53520.1 645
53580.1 645
53640.1 645
53700.1 645
53760.1 645
53820.1 645
53880.1 645
53940.1 645
54000.1 645
54060.1 645
54120.1 645
54180.1 645
54240.1 645
54300.1 645
54360.1 645
54420.1 645
54480.1 645
54540.1 645
54600.1 645
54660.1 645
54720.1 645
54780.1 645
54840.1 645
54900.1 645
54960.1 645
55020.1 645
55080.1 645
55140.1 645
55200.1 645
55260.1 645
55320.1 645
55380.1 645
55440.1 645
55500.1 645
55560.1 645
55620.1 645
55680.1 645
55740.1 645
55800.1 645
55860.1 645
55920.1 645
55980.1 645
56040.1 645
56100.1 645
56160.1 645
56220.1 645
56280.1 645
56340.1 645
56400.1 645
56460.1 645
56520.1 645
56580.1 645
56640.1 645
56700.1 645
56760.1 645
56820.1 645
56880.1 645
56940.1 645
57000.1 645
57060.1 645
57120.1 645
57180.1 645
57240.1 645
57300.1 645
57360.1 645
57420.1 645
57480.1 645
57540.1 645
57600.1 645
57660.1 645
57720.1 645
57780.1 645
57840.1 645
57900.1 645
57960.1 645
58020.1 645
58080.1 645
58140.1 645
58200.1 645
58260.1 645
58320.1 645
58380.1 645
58440.1 645
58500.1 645
58560.1 645
58620.1 645
58680.1 645
58740.1 645
58800.1 645
58860.1 645
58920.1 645
58980.1 645
59040.1 645
59100.1 645
59160.1 645
59220.1 645
59280.1 645
59340.1 645
59400.1 645
59460.1 645
59520.1 645
59580.1 645
59640.1 645
59700.1 645
59760.1 645
59820.1 645
59880.1 645
59940.1 645
60000.1 645
60060.1 645
60120.1 645
60180.1 645
60240.1 645
60300.1 645
60360.1 645
60420.1 645
60480.1 645
60540.1 645
60600.1 645
60660.1 645
60720.1 645
60780.1 645
60840.1 645
60900.1 645
60960.1 645
61020.1 645
61080.1 645
61140.1 645
61200.1 645
61260.1 645
61320.1 645
61380.1 645
61440.1 645
61500.1 645
61560.1 645
61620.1 645
61680.1 645
61740.1 645
61800.1 645
61860.1 645
61920.1 645
61980.1 645
62040.1 645
62100.1 645
62160.1 645
62220.1 645
62280.1 645
62340.1 645
62400.1 645
62460.1 645
62520.1 645
62580.1 645
62640.1 645
62700.1 645
62760.1 645
62820.1 645
62880.1 645
62940.1 645
63000.1 645
63060.1 645
63120.1 645
63180.1 645
63240.1 645
63300.1 645
63360.1 645
63420.1 645
63480.1 645
63540.1 645
63600.1 645
63660.1 645
63720.1 645
63780.1 645
63840.1 645
63900.1 645
63960.1 645
64020.1 645
64080.1 645
64140.1 645
64200.1 645
64260.1 645
64320.1 645
64380.1 645
64440.1 645
64500.1 645
64560.1 645
64620.1 645
64680.1 645
64740.1 645
64800.1 645
64860.1 645
64920.1 645
64980.1 645
65040.1 645
65100.1 645
65160.1 645
65220.1 645
65280.1 645
65340.1 645
65400.1 645
65460.1 645
65520.1 645
65580.1 645
65640.1 645
65700.1 645
65760.1 645
65820.1 645
65880.1 645
65940.1 645
66000.1 645
66060.1 645
66120.1 645
66180.1 645
66240.1 645
66300.1 645
66360.1 645
66420.1 645
66480.1 645
66540.1 645
66600.1 645
66660.1 645
66720.1 645
66780.1 645
66840.1 645
66900.1 645
66960.1 645
67020.1 645
67080.1 645
67140.1 645
67200.1 645
67260.1 645
67320.1 645
67380.1 645
67440.1 645
67500.1 645
67560.1 645
67620.1 645
67680.1 645
67740.1 645
67800.1 645
67860.1 645
67920.1 645
67980.1 645
68040.1 645
68100.1 645
68160.1 645
68220.1 645
68280.1 645
68340.1 645
68400.1 645
68460.1 645
68520.1 645
68580.1 645
68640.1 645
68700.1 645
68760.1 645
68820.1 645
68880.1 645
68940.1 645
69000.1 645
69060.1 645
69120.1 645
69180.1 645
69240.1 645
69300.1 645
69360.1 645
69420.1 645
69480.1 645
69540.1 645
69600.1 645
69660.1 645
69720.1 645
69780.1 645
69840.1 645
69900.1 645
69960.1 645
70020.1 645
70080.1 645
70140.1 645
70200.1 645
70260.1 645
70320.1 645
70380.1 645
70440.1 645
70500.1 645
70560.1 645
70620.1 645
70680.1 645
70740.1 645
70800.1 645
70860.1 645
70920.1 645
70980.1 645
71040.1 645
71100.1 645
71160.1 645
71220.1 645
71280.1 645
71340.1 645
71400.1 645
71460.1 645
71520.1 645
71580.1 645
71640.1 645
71700.1 645
71760.1 645
71820.1 645
71880.1 645
71940.1 645
72000.1 645
72060.1 645
72120.1 645
72180.1 645
72240.1 645
72300.1 645
72360.1 645
72420.1 645
72480.1 645
72540.1 645
72600.1 645
72660.1 645
72720.1 645
72780.1 645
72840.1 645
72900.1 645
72960.1 645
73020.1 645
73080.1 645
73140.1 645
73200.1 645
73260.1 645
73320.1 645
73380.1 645
73440.1 645
73500.1 645
73560.1 645
73620.1 645
73680.1 645
73740.1 645
73800.1 645
73860.1 645
73920.1 645
73980.1 645
74040.1 645
74100.1 645
74160.1 645
74220.1 645
74280.1 645
74340.1 645
74400.1 645
74460.1 645
74520.1 645
74580.1 645
74640.1 645
74700.1 645
74760.1 645
74820.1 645
74880.1 645
74940.1 645
75000.1 645
75060.1 645
75120.1 645
75180.1 645
75240.1 645
75300.1 645
75360.1 645
75420.1 645
75480.1 645
75540.1 645
75600.1 645
75660.1 645
75720.1 645
75780.1 645
75840.1 645
75900.1 645
75960.1 645
76020.1 645
76080.1 645
76140.1 645
76200.1 645
76260.1 645
76320.1 645
76380.1 645
76440.1 645
76500.1 645
76560.1 645
76620.1 645
76680.1 645
76740.1 645
76800.1 645
76860.1 645
76920.1 645
76980.1 645
77040.1 645
77100.1 645
77160.1 645
77220.1 645
77280.1 645
77340.1 645
77400.1 645
77460.1 645
77520.1 645
77580.1 645
77640.1 645
77700.1 645
77760.1 645
77820.1 645
77880.1 645
77940.1 645
78000.1 645
78060.1 645
78120.1 645
78180.1 645
78240.1 645
78300.1 645
78360.1 645
78420.1 645
78480.1 645
78540.1 645
78600.1 645
78660.1 645
78720.1 645
78780.1 645
78840.1 645
78900.1 645
78960.1 645
79020.1 645
79080.1 645
79140.1 645
79200.1 645
79260.1 645
79320.1 645
79380.1 645
79440.1 645
79500.1 645
79560.1 645
79620.1 645
79680.1 645
79740.1 645
79800.1 645
79860.1 645
79920.1 645
79980.1 645
80040.1 645
80100.1 645
80160.1 645
80220.1 645
80280.1 645
80340.1 645
80400.1 645
80460.1 645
80520.1 645
80580.1 645
80640.1 645
80700.1 645
80760.1 645
80820.1 645
80880.1 645
80940.1 645
81000.1 645
81060.1 645
81120.1 645
81180.1 645
81240.1 645
81300.1 645
81360.1 645
81420.1 645
81480.1 645
81540.1 645
81600.1 645
81660.1 645
81720.1 645
81780.1 645
81840.1 645
81900.1 645
81960.1 645
82020.1 645
82080.1 645
82140.1 645
82200.1 645
82260.1 645
82320.1 645
82380.1 645
82440.1 645
82500.1 645
82560.1 645
82620.1 645
82680.1 645
82740.1 645
82800.1 645
82860.1 645
82920.1 645
82980.1 645
83040.1 645
83100.1 645
83160.1 645
83220.1 645
83280.1 645
83340.1 645
83400.1 645
83460.1 645
83520.1 645
83580.1 645
83640.1 645
83700.1 645
83760.1 645
83820.1 645
83880.1 645
83940.1 645
84000.1 645
84060.1 645
84120.1 645
84180.1 645
84240.1 645
84300.1 645
84360.1 645
84420.1 645
84480.1 645
84540.1 645
84600.1 645
84660.1 645
84720.1 645
84780.1 645
84840.1 645
84900.1 645
84960.1 645
85020.1 645
85080.1 645
85140.1 645
85200.1 645
85260.1 645
85320.1 645
85380.1 645
85440.1 645
85500.1 645
85560.1 645
85620.1 645
85680.1 645
85740.1 645
85800.1 645
85860.1 645
85920.1 645
85980.1 645
86040.1 645
86100.1 645
86160.1 645
86220.1 645
86280.1 645
86340.1 645
