0.1 4
0.1 4
0.1 4
0.1 4
60.1 108
120.1 178
180.1 200
240.1 326
300.1 349
360.1 324
420.1 299
480.1 299
540.1 263
600.1 403
660.1 465
720.1 449
780.1 373
840.1 325
900.1 308
960.1 292
1020.1 250
1080.1 374
1140.1 420
1200.1 410
1260.1 333
1320.1 287
1380.1 259
1440.1 367
1500.1 359
1560.1 312
1620.1 259
1680.1 375
1740.1 412
1800.1 370
1860.1 315
1920.1 281
1980.1 248
2040.1 372
2100.1 393
2160.1 369
2220.1 328
2280.1 292
2340.1 256
2400.1 388
2460.1 431
2520.1 374
2580.1 306
2640.1 410
2700.1 423
2760.1 373
2820.1 315
2880.1 258
2940.1 378
3000.1 385
3060.1 308
3120.1 424
3180.1 446
3240.1 435
3300.1 398
3360.1 331
3420.1 295
3480.1 270
3540.1 247
3600.1 347
3660.1 378
3720.1 343
3780.1 304
3840.1 262
3900.1 402
3960.1 431
4020.1 414
4080.1 401
4140.1 357
4200.1 346
4260.1 314
4320.1 270
4380.1 386
4440.1 428
4500.1 382
4560.1 342
4620.1 302
4680.1 282
4740.1 263
4800.1 242
4860.1 370
4920.1 377
4980.1 337
5040.1 274
5100.1 406
5160.1 444
5220.1 407
5280.1 331
5340.1 276
5400.1 404
5460.1 437
5520.1 421
5580.1 354
5640.1 339
5700.1 309
5760.1 247
5820.1 375
5880.1 388
5940.1 349
6000.1 301
6060.1 262
6120.1 410
6180.1 442
6240.1 390
6300.1 285
6360.1 397
6420.1 425
6480.1 399
6540.1 317
6600.1 433
6660.1 451
6720.1 406
6780.1 330
6840.1 290
6900.1 279
6960.1 237
7020.1 345
7080.1 347
7140.1 307
7200.1 284
7260.1 259
7320.1 395
7380.1 425
7440.1 384
7500.1 331
7560.1 278
7620.1 398
7680.1 436
7740.1 408
7800.1 368
7860.1 304
7920.1 291
7980.1 296
8040.1 279
8100.1 226
8160.1 322
8220.1 330
8280.1 304
8340.1 257
8400.1 361
8460.1 347
8520.1 313
8580.1 284
8640.1 244
8700.1 368
8760.1 376
8820.1 343
8880.1 288
8940.1 400
9000.1 394
9060.1 345
9120.1 305
9180.1 272
9240.1 408
9300.1 415
9360.1 344
9420.1 325
9480.1 287
9540.1 267
9600.1 267
9660.1 227
9720.1 363
9780.1 386
9840.1 306
9900.1 438
9960.1 472
10020.1 433
10080.1 379
10140.1 333
10200.1 297
10260.1 255
10320.1 371
10380.1 371
10440.1 319
10500.1 281
10560.1 259
10620.1 379
10680.1 395
10740.1 350
10800.1 295
10860.1 251
10920.1 359
10980.1 362
11040.1 320
11100.1 262
11160.1 366
11220.1 351
11280.1 304
11340.1 295
11400.1 251
11460.1 391
11520.1 407
11580.1 366
11640.1 309
11700.1 289
11760.1 265
11820.1 254
11880.1 229
11940.1 369
12000.1 393
12060.1 363
12120.1 319
12180.1 274
12240.1 370
12300.1 373
12360.1 329
12420.1 283
12480.1 419
12540.1 466
12600.1 442
12660.1 358
12720.1 280
12780.1 388
12840.1 424
12900.1 372
12960.1 331
13020.1 321
13080.1 284
13140.1 268
13200.1 222
13260.1 318
13320.1 335
13380.1 287
13440.1 407
13500.1 437
13560.1 369
13620.1 301
13680.1 405
13740.1 427
13800.1 384
13860.1 319
13920.1 291
13980.1 253
14040.1 373
14100.1 389
14160.1 377
14220.1 329
14280.1 279
14340.1 407
14400.1 444
14460.1 400
14520.1 361
14580.1 279
14640.1 383
14700.1 356
14760.1 320
14820.1 293
14880.1 263
14940.1 371
15000.1 370
15060.1 329
15120.1 263
15180.1 379
15240.1 372
15300.1 340
15360.1 306
15420.1 279
15480.1 242
15540.1 370
15600.1 421
15660.1 433
15720.1 375
15780.1 296
15840.1 440
15900.1 459
15960.1 412
16020.1 360
16080.1 310
16140.1 255
16200.1 367
16260.1 392
16320.1 376
16380.1 337
16440.1 280
16500.1 412
16560.1 419
16620.1 398
16680.1 348
16740.1 277
16800.1 385
16860.1 381
16920.1 354
16980.1 324
17040.1 310
17100.1 300
17160.1 280
17220.1 251
17280.1 403
17340.1 432
17400.1 403
17460.1 348
17520.1 309
17580.1 283
17640.1 232
17700.1 348
17760.1 371
17820.1 366
17880.1 316
17940.1 280
18000.1 251
18060.1 359
18120.1 357
18180.1 294
18240.1 402
18300.1 414
18360.1 359
18420.1 323
18480.1 272
18540.1 384
18600.1 437
18660.1 427
18720.1 351
18780.1 285
18840.1 397
18900.1 402
18960.1 343
19020.1 290
19080.1 422
19140.1 427
19200.1 396
19260.1 329
19320.1 285
19380.1 290
19440.1 268
19500.1 286
19560.1 277
19620.1 235
19680.1 331
19740.1 367
19800.1 350
19860.1 333
19920.1 269
19980.1 417
20040.1 481
20100.1 459
20160.1 410
20220.1 334
20280.1 256
20340.1 376
20400.1 386
20460.1 346
20520.1 294
20580.1 285
20640.1 277
20700.1 265
20760.1 253
20820.1 279
20880.1 258
20940.1 374
21000.1 370
21060.1 327
21120.1 291
21180.1 270
21240.1 245
21300.1 361
21360.1 372
21420.1 349
21480.1 290
21540.1 422
21600.1 419
21660.1 366
21720.1 293
21780.1 421
21840.1 444
21900.1 393
21960.1 334
22020.1 311
22080.1 263
22140.1 371
22200.1 399
22260.1 371
22320.1 340
22380.1 315
22440.1 280
22500.1 266
22560.1 249
22620.1 369
22680.1 365
22740.1 323
22800.1 302
22860.1 244
22920.1 372
22980.1 393
23040.1 328
23100.1 282
23160.1 398
23220.1 383
23280.1 351
23340.1 293
23400.1 401
23460.1 419
23520.1 376
23580.1 336
23640.1 297
23700.1 265
23760.1 385
23820.1 426
23880.1 408
23940.1 327
24000.1 303
24060.1 264
24120.1 388
24180.1 411
24240.1 389
24300.1 330
24360.1 307
24420.1 257
24480.1 333
24540.1 364
24600.1 355
24660.1 326
24720.1 295
24780.1 254
24840.1 374
24900.1 411
24960.1 393
25020.1 319
25080.1 270
25140.1 394
25200.1 407
25260.1 348
25320.1 287
25380.1 423
25440.1 490
25500.1 480
25560.1 403
25620.1 321
25680.1 437
25740.1 430
25800.1 397
25860.1 373
25920.1 334
25980.1 308
26040.1 293
26100.1 247
26160.1 351
26220.1 366
26280.1 356
26340.1 302
26400.1 270
26460.1 378
26520.1 418
26580.1 399
26640.1 357
26700.1 305
26760.1 287
26820.1 268
26880.1 269
26940.1 245
27000.1 353
27060.1 376
27120.1 334
27180.1 299
27240.1 288
27300.1 263
27360.1 391
27420.1 413
27480.1 360
27540.1 307
27600.1 290
27660.1 254
27720.1 358
27780.1 339
27840.1 324
27900.1 314
27960.1 290
28020.1 255
28080.1 363
28140.1 397
28200.1 356
28260.1 322
28320.1 268
28380.1 388
28440.1 415
28500.1 364
28560.1 323
28620.1 293
28680.1 257
28740.1 381
28800.1 432
28860.1 378
28920.1 268
28980.1 364
29040.1 366
29100.1 331
29160.1 306
29220.1 275
29280.1 264
29340.1 231
29400.1 331
29460.1 321
29520.1 320
29580.1 254
29640.1 358
29700.1 374
29760.1 337
29820.1 248
29880.1 248
29940.1 129
30000.1 129
30060.1 129
30120.1 129
30180.1 129
30240.1 129
30300.1 129
30360.1 129
30420.1 129
30480.1 129
30540.1 129
30600.1 129
30660.1 129
30720.1 129
30780.1 129
30840.1 129
30900.1 129
30960.1 129
31020.1 129
31080.1 129
31140.1 129
31200.1 129
31260.1 129
31320.1 129
31380.1 129
31440.1 129
31500.1 129
31560.1 129
31620.1 129
31680.1 129
31740.1 129
31800.1 129
31860.1 129
31920.1 129
31980.1 129
32040.1 129
32100.1 129
32160.1 129
32220.1 129
32280.1 129
32340.1 129
32400.1 129
32460.1 129
32520.1 129
32580.1 129
32640.1 129
32700.1 129
32760.1 129
32820.1 129
32880.1 129
32940.1 129
33000.1 129
33060.1 129
33120.1 129
33180.1 129
33240.1 129
33300.1 129
33360.1 129
33420.1 129
33480.1 129
33540.1 129
33600.1 129
33660.1 129
33720.1 129
33780.1 129
33840.1 129
33900.1 129
33960.1 129
34020.1 129
34080.1 129
34140.1 129
34200.1 129
34260.1 129
34320.1 129
34380.1 129
34440.1 129
34500.1 129
34560.1 129
34620.1 129
34680.1 129
34740.1 129
34800.1 129
34860.1 129
34920.1 129
34980.1 129
35040.1 129
35100.1 129
35160.1 129
35220.1 129
35280.1 129
35340.1 129
35400.1 129
35460.1 129
35520.1 129
35580.1 129
35640.1 129
35700.1 129
35760.1 129
35820.1 129
35880.1 129
35940.1 129
36000.1 129
36060.1 129
36120.1 129
36180.1 129
36240.1 129
36300.1 129
36360.1 129
36420.1 129
36480.1 129
36540.1 129
36600.1 129
36660.1 129
36720.1 129
36780.1 129
36840.1 129
36900.1 129
36960.1 129
37020.1 129
37080.1 129
37140.1 129
37200.1 129
37260.1 129
37320.1 129
37380.1 129
37440.1 129
37500.1 129
37560.1 129
37620.1 129
37680.1 129
37740.1 129
37800.1 129
37860.1 129
37920.1 129
37980.1 129
38040.1 129
38100.1 129
38160.1 129
38220.1 129
38280.1 129
38340.1 129
38400.1 129
38460.1 129
38520.1 129
38580.1 129
38640.1 129
38700.1 129
38760.1 129
38820.1 129
38880.1 129
38940.1 129
39000.1 129
39060.1 129
39120.1 129
39180.1 129
39240.1 129
39300.1 129
39360.1 129
39420.1 129
39480.1 129
39540.1 129
39600.1 129
39660.1 129
39720.1 129
39780.1 129
39840.1 129
39900.1 129
39960.1 129
40020.1 129
40080.1 129
40140.1 129
40200.1 129
40260.1 129
40320.1 129
40380.1 129
40440.1 129
40500.1 129
40560.1 129
40620.1 129
40680.1 129
40740.1 129
40800.1 129
40860.1 129
40920.1 129
40980.1 129
41040.1 129
41100.1 129
41160.1 129
41220.1 129
41280.1 129
41340.1 129
41400.1 129
41460.1 129
41520.1 129
41580.1 129
41640.1 129
41700.1 129
41760.1 129
41820.1 129
41880.1 129
41940.1 129
42000.1 129
42060.1 129
42120.1 129
42180.1 129
42240.1 129
42300.1 129
42360.1 129
42420.1 129
42480.1 129
42540.1 129
42600.1 129
42660.1 129
42720.1 129
42780.1 129
42840.1 129
42900.1 129
42960.1 129
43020.1 129
43080.1 129
43140.1 129
43200.1 129
43260.1 129
43320.1 129
43380.1 129
43440.1 129
43500.1 129
43560.1 129
43620.1 129
43680.1 129
43740.1 129
43800.1 129
43860.1 129
43920.1 129
43980.1 129
44040.1 129
44100.1 129
44160.1 129
44220.1 129
44280.1 129
44340.1 129
44400.1 129
44460.1 129
44520.1 129
44580.1 129
44640.1 129
44700.1 129
44760.1 129
44820.1 129
44880.1 129
44940.1 129
45000.1 129
45060.1 129
45120.1 129
45180.1 129
45240.1 129
45300.1 129
45360.1 129
45420.1 129
45480.1 129
45540.1 129
45600.1 129
45660.1 129
45720.1 129
45780.1 129
45840.1 129
45900.1 129
45960.1 129
46020.1 129
46080.1 129
46140.1 129
46200.1 129
46260.1 129
46320.1 129
46380.1 129
46440.1 129
46500.1 129
46560.1 129
46620.1 129
46680.1 129
46740.1 129
46800.1 129
46860.1 129
46920.1 129
46980.1 129
47040.1 129
47100.1 129
47160.1 129
47220.1 129
47280.1 129
47340.1 129
47400.1 129
47460.1 129
47520.1 129
47580.1 129
47640.1 129
47700.1 129
47760.1 129
47820.1 129
47880.1 129
47940.1 129
48000.1 129
48060.1 129
48120.1 129
48180.1 129
48240.1 129
48300.1 129
48360.1 129
48420.1 129
48480.1 129
48540.1 129
48600.1 129
48660.1 129
48720.1 129
48780.1 129
48840.1 129
48900.1 129
48960.1 129
49020.1 129
49080.1 129
49140.1 129
49200.1 129
49260.1 129
49320.1 129
49380.1 129
49440.1 129
49500.1 129
49560.1 129
49620.1 129
49680.1 129
49740.1 129
49800.1 129
49860.1 129
49920.1 129
49980.1 129
50040.1 129
50100.1 129
50160.1 129
50220.1 129
50280.1 129
50340.1 129
50400.1 129
50460.1 129
50520.1 129
50580.1 129
50640.1 129
50700.1 129
50760.1 129
50820.1 129
50880.1 129
50940.1 129
51000.1 129
51060.1 129
51120.1 129
51180.1 129
51240.1 129
51300.1 129
51360.1 129
51420.1 129
51480.1 129
51540.1 129
51600.1 129
51660.1 129
51720.1 129
51780.1 129
51840.1 129
51900.1 129
51960.1 129
52020.1 129
52080.1 129
52140.1 129
52200.1 129
52260.1 129
52320.1 129
52380.1 129
52440.1 129
52500.1 129
52560.1 129
52620.1 129
52680.1 129
52740.1 129
52800.1 129
52860.1 129
52920.1 129
52980.1 129
53040.1 129
53100.1 129
53160.1 129
53220.1 129
53280.1 129
53340.1 129
53400.1 129
53460.1 129
53520.1 129
53580.1 129
53640.1 129
53700.1 129
53760.1 129
53820.1 129
53880.1 129
53940.1 129
54000.1 129
54060.1 129
54120.1 129
54180.1 129
54240.1 129
54300.1 129
54360.1 129
54420.1 129
54480.1 129
54540.1 129
54600.1 129
54660.1 129
54720.1 129
54780.1 129
54840.1 129
54900.1 129
54960.1 129
55020.1 129
55080.1 129
55140.1 129
55200.1 129
55260.1 129
55320.1 129
55380.1 129
55440.1 129
55500.1 129
55560.1 129
55620.1 129
55680.1 129
55740.1 129
55800.1 129
55860.1 129
55920.1 129
55980.1 129
56040.1 129
56100.1 129
56160.1 129
56220.1 129
56280.1 129
56340.1 129
56400.1 129
56460.1 129
56520.1 129
56580.1 129
56640.1 129
56700.1 129
56760.1 129
56820.1 129
56880.1 129
56940.1 129
57000.1 129
57060.1 129
57120.1 129
57180.1 129
57240.1 129
57300.1 129
57360.1 129
57420.1 129
57480.1 129
57540.1 129
57600.1 129
57660.1 129
57720.1 129
57780.1 129
57840.1 129
57900.1 129
57960.1 129
58020.1 129
58080.1 129
58140.1 129
58200.1 129
58260.1 129
58320.1 129
58380.1 129
58440.1 129
58500.1 129
58560.1 129
58620.1 129
58680.1 129
58740.1 129
58800.1 129
58860.1 129
58920.1 129
58980.1 129
59040.1 129
59100.1 129
59160.1 129
59220.1 129
59280.1 129
59340.1 129
59400.1 129
59460.1 129
59520.1 129
59580.1 129
59640.1 129
59700.1 129
59760.1 129
59820.1 129
59880.1 129
59940.1 129
60000.1 129
60060.1 129
60120.1 129
60180.1 129
60240.1 129
60300.1 129
60360.1 129
60420.1 129
60480.1 129
60540.1 129
60600.1 129
60660.1 129
60720.1 129
60780.1 129
60840.1 129
60900.1 129
60960.1 129
61020.1 129
61080.1 129
61140.1 129
61200.1 129
61260.1 129
61320.1 129
61380.1 129
61440.1 129
61500.1 129
61560.1 129
61620.1 129
61680.1 129
61740.1 129
61800.1 129
61860.1 129
61920.1 129
61980.1 129
62040.1 129
62100.1 129
62160.1 129
62220.1 129
62280.1 129
62340.1 129
62400.1 129
62460.1 129
62520.1 129
62580.1 129
62640.1 129
62700.1 129
62760.1 129
62820.1 129
62880.1 129
62940.1 129
63000.1 129
63060.1 129
63120.1 129
63180.1 129
63240.1 129
63300.1 129
63360.1 129
63420.1 129
63480.1 129
63540.1 129
63600.1 129
63660.1 129
63720.1 129
63780.1 129
63840.1 129
63900.1 129
63960.1 129
64020.1 129
64080.1 129
64140.1 129
64200.1 129
64260.1 129
64320.1 129
64380.1 129
64440.1 129
64500.1 129
64560.1 129
64620.1 129
64680.1 129
64740.1 129
64800.1 129
64860.1 129
64920.1 129
64980.1 129
65040.1 129
65100.1 129
65160.1 129
65220.1 129
65280.1 129
65340.1 129
65400.1 129
65460.1 129
65520.1 129
65580.1 129
65640.1 129
65700.1 129
65760.1 129
65820.1 129
65880.1 129
65940.1 129
66000.1 129
66060.1 129
66120.1 129
66180.1 129
66240.1 129
66300.1 129
66360.1 129
66420.1 129
66480.1 129
66540.1 129
66600.1 129
66660.1 129
66720.1 129
66780.1 129
66840.1 129
66900.1 129
66960.1 129
67020.1 129
67080.1 129
67140.1 129
67200.1 129
67260.1 129
67320.1 129
67380.1 129
67440.1 129
67500.1 129
67560.1 129
67620.1 129
67680.1 129
67740.1 129
67800.1 129
67860.1 129
67920.1 129
67980.1 129
68040.1 129
68100.1 129
68160.1 129
68220.1 129
68280.1 129
68340.1 129
68400.1 129
68460.1 129
68520.1 129
68580.1 129
68640.1 129
68700.1 129
68760.1 129
68820.1 129
68880.1 129
68940.1 129
69000.1 129
69060.1 129
69120.1 129
69180.1 129
69240.1 129
69300.1 129
69360.1 129
69420.1 129
69480.1 129
69540.1 129
69600.1 129
69660.1 129
69720.1 129
69780.1 129
69840.1 129
69900.1 129
69960.1 129
70020.1 129
70080.1 129
70140.1 129
70200.1 129
70260.1 129
70320.1 129
70380.1 129
70440.1 129
70500.1 129
70560.1 129
70620.1 129
70680.1 129
70740.1 129
70800.1 129
70860.1 129
70920.1 129
70980.1 129
71040.1 129
71100.1 129
71160.1 129
71220.1 129
71280.1 129
71340.1 129
71400.1 129
71460.1 129
71520.1 129
71580.1 129
71640.1 129
71700.1 129
71760.1 129
71820.1 129
71880.1 129
71940.1 129
72000.1 129
72060.1 129
72120.1 129
72180.1 129
72240.1 129
72300.1 129
72360.1 129
72420.1 129
72480.1 129
72540.1 129
72600.1 129
72660.1 129
72720.1 129
72780.1 129
72840.1 129
72900.1 129
72960.1 129
73020.1 129
73080.1 129
73140.1 129
73200.1 129
73260.1 129
73320.1 129
73380.1 129
73440.1 129
73500.1 129
73560.1 129
73620.1 129
73680.1 129
73740.1 129
73800.1 129
73860.1 129
73920.1 129
73980.1 129
74040.1 129
74100.1 129
74160.1 129
74220.1 129
74280.1 129
74340.1 129
74400.1 129
74460.1 129
74520.1 129
74580.1 129
74640.1 129
74700.1 129
74760.1 129
74820.1 129
74880.1 129
74940.1 129
75000.1 129
75060.1 129
75120.1 129
75180.1 129
75240.1 129
75300.1 129
75360.1 129
75420.1 129
75480.1 129
75540.1 129
75600.1 129
75660.1 129
75720.1 129
75780.1 129
75840.1 129
75900.1 129
75960.1 129
76020.1 129
76080.1 129
76140.1 129
76200.1 129
76260.1 129
76320.1 129
76380.1 129
76440.1 129
76500.1 129
76560.1 129
76620.1 129
76680.1 129
76740.1 129
76800.1 129
76860.1 129
76920.1 129
76980.1 129
77040.1 129
77100.1 129
77160.1 129
77220.1 129
77280.1 129
77340.1 129
77400.1 129
77460.1 129
77520.1 129
77580.1 129
77640.1 129
77700.1 129
77760.1 129
77820.1 129
77880.1 129
77940.1 129
78000.1 129
78060.1 129
78120.1 129
78180.1 129
78240.1 129
78300.1 129
78360.1 129
78420.1 129
78480.1 129
78540.1 129
78600.1 129
78660.1 129
78720.1 129
78780.1 129
78840.1 129
78900.1 129
78960.1 129
79020.1 129
79080.1 129
79140.1 129
79200.1 129
79260.1 129
79320.1 129
79380.1 129
79440.1 129
79500.1 129
79560.1 129
79620.1 129
79680.1 129
79740.1 129
79800.1 129
79860.1 129
79920.1 129
79980.1 129
80040.1 129
80100.1 129
80160.1 129
80220.1 129
80280.1 129
80340.1 129
80400.1 129
80460.1 129
80520.1 129
80580.1 129
80640.1 129
80700.1 129
80760.1 129
80820.1 129
80880.1 129
80940.1 129
81000.1 129
81060.1 129
81120.1 129
81180.1 129
81240.1 129
81300.1 129
81360.1 129
81420.1 129
81480.1 129
81540.1 129
81600.1 129
81660.1 129
81720.1 129
81780.1 129
81840.1 129
81900.1 129
81960.1 129
82020.1 129
82080.1 129
82140.1 129
82200.1 129
82260.1 129
82320.1 129
82380.1 129
82440.1 129
82500.1 129
82560.1 129
82620.1 129
82680.1 129
82740.1 129
82800.1 129
82860.1 129
82920.1 129
82980.1 129
83040.1 129
83100.1 129
83160.1 129
83220.1 129
83280.1 129
83340.1 129
83400.1 129
83460.1 129
83520.1 129
83580.1 129
83640.1 129
83700.1 129
83760.1 129
83820.1 129
83880.1 129
83940.1 129
84000.1 129
84060.1 129
84120.1 129
84180.1 129
84240.1 129
84300.1 129
84360.1 129
84420.1 129
84480.1 129
84540.1 129
84600.1 129
84660.1 129
84720.1 129
84780.1 129
84840.1 129
84900.1 129
84960.1 129
85020.1 129
85080.1 129
85140.1 129
85200.1 129
85260.1 129
85320.1 129
85380.1 129
85440.1 129
85500.1 129
85560.1 129
85620.1 129
85680.1 129
85740.1 129
85800.1 129
85860.1 129
85920.1 129
85980.1 129
86040.1 129
86100.1 129
86160.1 129
86220.1 129
86280.1 129
86340.1 129
