60.1 10240
120.1 10240
180.1 10240
240.1 10240
300.1 10240
360.1 10240
420.1 10240
480.1 10240
540.1 10240
600.1 10240
660.1 10240
720.1 10240
780.1 10240
840.1 10240
900.1 10240
960.1 10240
1020.1 10240
1080.1 10240
1140.1 10240
1200.1 10240
1260.1 10240
1320.1 10240
1380.1 10240
1440.1 10240
1500.1 10240
1560.1 10240
1620.1 10240
1680.1 10240
1740.1 10240
1800.1 10240
1860.1 10240
1920.1 10240
1980.1 10240
2040.1 10240
2100.1 10240
2160.1 10240
2220.1 10240
2280.1 10240
2340.1 10240
2400.1 10240
2460.1 10240
2520.1 10240
2580.1 10240
2640.1 10240
2700.1 10240
2760.1 10240
2820.1 10240
2880.1 10240
2940.1 10240
3000.1 10240
3060.1 10240
3120.1 10240
3180.1 10240
3240.1 10240
3300.1 10240
3360.1 10240
3420.1 10240
3480.1 10240
3540.1 10240
3600.1 10240
3660.1 10240
3720.1 10240
3780.1 10240
3840.1 10240
3900.1 10240
3960.1 10240
4020.1 10240
4080.1 10240
4140.1 10240
4200.1 10240
4260.1 10240
4320.1 10240
4380.1 10240
4440.1 10240
4500.1 10240
4560.1 10240
4620.1 10240
4680.1 10240
4740.1 10240
4800.1 10240
4860.1 10240
4920.1 10240
4980.1 10240
5040.1 10240
5100.1 10240
5160.1 10240
5220.1 10240
5280.1 10240
5340.1 10240
5400.1 10240
5460.1 10240
5520.1 10240
5580.1 10240
5640.1 10240
5700.1 10240
5760.1 10240
5820.1 10240
5880.1 10240
5940.1 10240
6000.1 10240
6060.1 10240
6120.1 10240
6180.1 10240
6240.1 10240
6300.1 10240
6360.1 10240
6420.1 10240
6480.1 10240
6540.1 10240
6600.1 10240
6660.1 10240
6720.1 10240
6780.1 10240
6840.1 10240
6900.1 10240
6960.1 10240
7020.1 10240
7080.1 10240
7140.1 10240
7200.1 10240
7260.1 10240
7320.1 10240
7380.1 10240
7440.1 10240
7500.1 10240
7560.1 10240
7620.1 10240
7680.1 10240
7740.1 10240
7800.1 10240
7860.1 10240
7920.1 10240
7980.1 10240
8040.1 10240
8100.1 10240
8160.1 10240
8220.1 10240
8280.1 10240
8340.1 10240
8400.1 10240
8460.1 10240
8520.1 10240
8580.1 10240
8640.1 10240
8700.1 10240
8760.1 10240
8820.1 10240
8880.1 10240
8940.1 10240
9000.1 10240
9060.1 10240
9120.1 10240
9180.1 10240
9240.1 10240
9300.1 10240
9360.1 10240
9420.1 10240
9480.1 10240
9540.1 10240
9600.1 10240
9660.1 10240
9720.1 10240
9780.1 10240
9840.1 10240
9900.1 10240
9960.1 10240
10020.1 10240
10080.1 10240
10140.1 10240
10200.1 10240
10260.1 10240
10320.1 10240
10380.1 10240
10440.1 10240
10500.1 10240
10560.1 10240
10620.1 10240
10680.1 10240
10740.1 10240
10800.1 10240
10860.1 10240
10920.1 10240
10980.1 10240
11040.1 10240
11100.1 10240
11160.1 10240
11220.1 10240
11280.1 10240
11340.1 10240
11400.1 10240
11460.1 10240
11520.1 10240
11580.1 10240
11640.1 10240
11700.1 10240
11760.1 10240
11820.1 10240
11880.1 10240
11940.1 10240
12000.1 10240
12060.1 10240
12120.1 10240
12180.1 10240
12240.1 10240
12300.1 10240
12360.1 10240
12420.1 10240
12480.1 10240
12540.1 10240
12600.1 10240
12660.1 10240
12720.1 10240
12780.1 10240
12840.1 10240
12900.1 10240
12960.1 10240
13020.1 10240
13080.1 10240
13140.1 10240
13200.1 10240
13260.1 10240
13320.1 10240
13380.1 10240
13440.1 10240
13500.1 10240
13560.1 10240
13620.1 10240
13680.1 10240
13740.1 10240
13800.1 10240
13860.1 10240
13920.1 10240
13980.1 10240
14040.1 10240
14100.1 10240
14160.1 10240
14220.1 10240
14280.1 10240
14340.1 10240
14400.1 10240
14460.1 10240
14520.1 10240
14580.1 10240
14640.1 10240
14700.1 10240
14760.1 10240
14820.1 10240
14880.1 10240
14940.1 10240
15000.1 10240
15060.1 10240
15120.1 10240
15180.1 10240
15240.1 10240
15300.1 10240
15360.1 10240
15420.1 10240
15480.1 10240
15540.1 10240
15600.1 10240
15660.1 10240
15720.1 10240
15780.1 10240
15840.1 10240
15900.1 10240
15960.1 10240
16020.1 10240
16080.1 10240
16140.1 10240
16200.1 10240
16260.1 10240
16320.1 10240
16380.1 10240
16440.1 10240
16500.1 10240
16560.1 10240
16620.1 10240
16680.1 10240
16740.1 10240
16800.1 10240
16860.1 10240
16920.1 10240
16980.1 10240
17040.1 10240
17100.1 10240
17160.1 10240
17220.1 10240
17280.1 10240
17340.1 10240
17400.1 10240
17460.1 10240
17520.1 10240
17580.1 10240
17640.1 10240
17700.1 10240
17760.1 10240
17820.1 10240
17880.1 10240
17940.1 10240
18000.1 10240
18060.1 10240
18120.1 10240
18180.1 10240
18240.1 10240
18300.1 10240
18360.1 10240
18420.1 10240
18480.1 10240
18540.1 10240
18600.1 10240
18660.1 10240
18720.1 10240
18780.1 10240
18840.1 10240
18900.1 10240
18960.1 10240
19020.1 10240
19080.1 10240
19140.1 10240
19200.1 10240
19260.1 10240
19320.1 10240
19380.1 10240
19440.1 10240
19500.1 10240
19560.1 10240
19620.1 10240
19680.1 10240
19740.1 10240
19800.1 10240
19860.1 10240
19920.1 10240
19980.1 10240
20040.1 10240
20100.1 10240
20160.1 10240
20220.1 10240
20280.1 10240
20340.1 10240
20400.1 10240
20460.1 10240
20520.1 10240
20580.1 10240
20640.1 10240
20700.1 10240
20760.1 10240
20820.1 10240
20880.1 10240
20940.1 10240
21000.1 10240
21060.1 10240
21120.1 10240
21180.1 10240
21240.1 10240
21300.1 10240
21360.1 10240
21420.1 10240
21480.1 10240
21540.1 10240
21600.1 10240
21660.1 10240
21720.1 10240
21780.1 10240
21840.1 10240
21900.1 10240
21960.1 10240
22020.1 10240
22080.1 10240
22140.1 10240
22200.1 10240
22260.1 10240
22320.1 10240
22380.1 10240
22440.1 10240
22500.1 10240
22560.1 10240
22620.1 10240
22680.1 10240
22740.1 10240
22800.1 10240
22860.1 10240
22920.1 10240
22980.1 10240
23040.1 10240
23100.1 10240
23160.1 10240
23220.1 10240
23280.1 10240
23340.1 10240
23400.1 10240
23460.1 10240
23520.1 10240
23580.1 10240
23640.1 10240
23700.1 10240
23760.1 10240
23820.1 10240
23880.1 10240
23940.1 10240
24000.1 10240
24060.1 10240
24120.1 10240
24180.1 10240
24240.1 10240
24300.1 10240
24360.1 10240
24420.1 10240
24480.1 10240
24540.1 10240
24600.1 10240
24660.1 10240
24720.1 10240
24780.1 10240
24840.1 10240
24900.1 10240
24960.1 10240
25020.1 10240
25080.1 10240
25140.1 10240
25200.1 10240
25260.1 10240
25320.1 10240
25380.1 10240
25440.1 10240
25500.1 10240
25560.1 10240
25620.1 10240
25680.1 10240
25740.1 10240
25800.1 10240
25860.1 10240
25920.1 10240
25980.1 10240
26040.1 10240
26100.1 10240
26160.1 10240
26220.1 10240
26280.1 10240
26340.1 10240
26400.1 10240
26460.1 10240
26520.1 10240
26580.1 10240
26640.1 10240
26700.1 10240
26760.1 10240
26820.1 10240
26880.1 10240
26940.1 10240
27000.1 10240
27060.1 10240
27120.1 10240
27180.1 10240
27240.1 10240
27300.1 10240
27360.1 10240
27420.1 10240
27480.1 10240
27540.1 10240
27600.1 10240
27660.1 10240
27720.1 10240
27780.1 10240
27840.1 10240
27900.1 10240
27960.1 10240
28020.1 10240
28080.1 10240
28140.1 10240
28200.1 10240
28260.1 10240
28320.1 10240
28380.1 10240
28440.1 10240
28500.1 10240
28560.1 10240
28620.1 10240
28680.1 10240
28740.1 10240
28800.1 10240
28860.1 10240
28920.1 10240
28980.1 10240
29040.1 10240
29100.1 10240
29160.1 10240
29220.1 10240
29280.1 10240
29340.1 10240
29400.1 10240
29460.1 10240
29520.1 10240
29580.1 10240
29640.1 10240
29700.1 10240
29760.1 10240
29820.1 10240
29880.1 10240
29940.1 10240
30000.1 10240
30060.1 10240
30120.1 10240
30180.1 10240
30240.1 10240
30300.1 10240
30360.1 10240
30420.1 10240
30480.1 10240
30540.1 10240
30600.1 10240
30660.1 10240
30720.1 10240
30780.1 10240
30840.1 10240
30900.1 10240
30960.1 10240
31020.1 10240
31080.1 10240
31140.1 10240
31200.1 10240
31260.1 10240
31320.1 10240
31380.1 10240
31440.1 10240
31500.1 10240
31560.1 10240
31620.1 10240
31680.1 10240
31740.1 10240
31800.1 10240
31860.1 10240
31920.1 10240
31980.1 10240
32040.1 10240
32100.1 10240
32160.1 10240
32220.1 10240
32280.1 10240
32340.1 10240
32400.1 10240
32460.1 10240
32520.1 10240
32580.1 10240
32640.1 10240
32700.1 10240
32760.1 10240
32820.1 10240
32880.1 10240
32940.1 10240
33000.1 10240
33060.1 10240
33120.1 10240
33180.1 10240
33240.1 10240
33300.1 10240
33360.1 10240
33420.1 10240
33480.1 10240
33540.1 10240
33600.1 10240
33660.1 10240
33720.1 10240
33780.1 10240
33840.1 10240
33900.1 10240
33960.1 10240
34020.1 10240
34080.1 10240
34140.1 10240
34200.1 10240
34260.1 10240
34320.1 10240
34380.1 10240
34440.1 10240
34500.1 10240
34560.1 10240
34620.1 10240
34680.1 10240
34740.1 10240
34800.1 10240
34860.1 10240
34920.1 10240
34980.1 10240
35040.1 10240
35100.1 10240
35160.1 10240
35220.1 10240
35280.1 10240
35340.1 10240
35400.1 10240
35460.1 10240
35520.1 10240
35580.1 10240
35640.1 10240
35700.1 10240
35760.1 10240
35820.1 10240
35880.1 10240
35940.1 10240
36000.1 10240
36060.1 10240
36120.1 10240
36180.1 10240
