60.1 200
120.1 206
180.1 212
240.1 210
300.1 212
360.1 218
420.1 210
480.1 214
540.1 210
600.1 190
660.1 192
720.1 202
780.1 210
840.1 202
900.1 208
960.1 206
1020.1 206
1080.1 202
1140.1 194
1200.1 200
1260.1 216
1320.1 222
1380.1 216
1440.1 218
1500.1 228
1560.1 222
1620.1 224
1680.1 250
1740.1 242
1800.1 242
1860.1 228
1920.1 228
1980.1 232
2040.1 250
2100.1 248
2160.1 258
2220.1 260
2280.1 258
2340.1 262
2400.1 252
2460.1 256
2520.1 252
2580.1 262
2640.1 242
2700.1 258
2760.1 250
2820.1 248
2880.1 246
2940.1 236
3000.1 222
3060.1 226
3120.1 232
3180.1 222
3240.1 220
3300.1 224
3360.1 224
3420.1 228
3480.1 232
3540.1 234
3600.1 228
3660.1 232
3720.1 230
3780.1 236
3840.1 236
3900.1 234
3960.1 240
4020.1 242
4080.1 240
4140.1 260
4200.1 268
4260.1 274
4320.1 278
4380.1 286
4440.1 300
4500.1 308
4560.1 298
4620.1 294
4680.1 296
4740.1 294
4800.1 308
4860.1 312
4920.1 300
4980.1 308
5040.1 308
5100.1 308
5160.1 300
5220.1 292
5280.1 300
5340.1 306
5400.1 314
5460.1 308
5520.1 312
5580.1 312
5640.1 320
5700.1 314
5760.1 324
5820.1 328
5880.1 328
5940.1 318
6000.1 328
6060.1 330
6120.1 330
6180.1 320
6240.1 326
6300.1 326
6360.1 328
6420.1 326
6480.1 340
6540.1 332
6600.1 338
6660.1 328
6720.1 324
6780.1 312
6840.1 300
6900.1 298
6960.1 288
7020.1 282
7080.1 286
7140.1 292
7200.1 292
7260.1 298
7320.1 294
7380.1 294
7440.1 290
7500.1 290
7560.1 290
7620.1 280
7680.1 278
7740.1 294
7800.1 290
7860.1 280
7920.1 286
7980.1 300
8040.1 316
8100.1 316
8160.1 328
8220.1 324
8280.1 336
8340.1 338
8400.1 352
8460.1 344
8520.1 348
8580.1 350
8640.1 354
8700.1 356
8760.1 356
8820.1 354
8880.1 356
8940.1 362
9000.1 354
9060.1 354
9120.1 358
9180.1 356
9240.1 348
9300.1 340
9360.1 336
9420.1 340
9480.1 346
9540.1 360
9600.1 360
9660.1 364
9720.1 350
9780.1 348
9840.1 346
9900.1 350
9960.1 354
10020.1 350
10080.1 360
10140.1 348
10200.1 342
10260.1 338
10320.1 324
10380.1 320
10440.1 330
10500.1 332
10560.1 340
10620.1 342
10680.1 348
10740.1 332
10800.1 340
10860.1 356
10920.1 354
10980.1 358
11040.1 356
11100.1 350
11160.1 344
11220.1 340
11280.1 334
11340.1 330
11400.1 338
11460.1 326
11520.1 336
11580.1 338
11640.1 336
11700.1 334
11760.1 330
11820.1 330
11880.1 314
11940.1 306
12000.1 302
12060.1 292
12120.1 288
12180.1 294
12240.1 284
12300.1 294
12360.1 292
12420.1 288
12480.1 290
12540.1 302
12600.1 308
12660.1 318
12720.1 304
12780.1 298
12840.1 294
12900.1 292
12960.1 292
13020.1 290
13080.1 288
13140.1 292
13200.1 288
13260.1 290
13320.1 280
13380.1 284
13440.1 272
13500.1 278
13560.1 292
13620.1 290
13680.1 288
13740.1 288
13800.1 292
13860.1 300
13920.1 302
13980.1 302
14040.1 294
14100.1 294
14160.1 282
14220.1 290
14280.1 302
14340.1 300
14400.1 302
14460.1 308
14520.1 320
14580.1 322
14640.1 326
14700.1 336
14760.1 316
14820.1 314
14880.1 320
14940.1 312
15000.1 310
15060.1 310
15120.1 308
15180.1 314
15240.1 318
15300.1 326
15360.1 328
15420.1 336
15480.1 338
15540.1 330
15600.1 336
15660.1 334
15720.1 340
15780.1 358
15840.1 368
15900.1 366
15960.1 360
16020.1 366
16080.1 372
16140.1 376
16200.1 382
16260.1 376
16320.1 372
16380.1 358
16440.1 352
16500.1 330
16560.1 326
16620.1 328
16680.1 326
16740.1 326
16800.1 328
16860.1 336
16920.1 338
16980.1 336
17040.1 328
17100.1 316
17160.1 318
17220.1 316
17280.1 312
17340.1 324
17400.1 330
17460.1 338
17520.1 336
17580.1 342
17640.1 330
17700.1 340
17760.1 356
17820.1 362
17880.1 354
17940.1 354
18000.1 350
18060.1 344
18120.1 356
18180.1 348
18240.1 340
18300.1 326
18360.1 336
18420.1 348
18480.1 354
18540.1 364
18600.1 356
18660.1 358
18720.1 360
18780.1 362
18840.1 370
18900.1 368
18960.1 374
19020.1 376
19080.1 372
19140.1 370
19200.1 370
19260.1 372
19320.1 360
19380.1 348
19440.1 338
19500.1 336
19560.1 338
19620.1 346
19680.1 352
19740.1 342
19800.1 326
19860.1 326
19920.1 334
19980.1 322
20040.1 318
20100.1 340
20160.1 342
20220.1 340
20280.1 330
20340.1 326
20400.1 330
20460.1 324
20520.1 320
20580.1 322
20640.1 330
20700.1 338
20760.1 354
20820.1 370
20880.1 364
20940.1 368
21000.1 366
21060.1 364
21120.1 368
21180.1 374
21240.1 362
21300.1 348
21360.1 342
21420.1 336
21480.1 346
21540.1 348
21600.1 340
21660.1 346
21720.1 346
21780.1 340
21840.1 334
21900.1 336
21960.1 356
22020.1 354
22080.1 360
22140.1 374
22200.1 384
22260.1 372
22320.1 368
22380.1 366
22440.1 370
22500.1 370
22560.1 362
22620.1 362
22680.1 358
22740.1 342
22800.1 334
22860.1 328
22920.1 322
22980.1 330
23040.1 330
23100.1 318
23160.1 302
23220.1 314
23280.1 320
23340.1 316
23400.1 308
23460.1 312
23520.1 322
23580.1 310
23640.1 306
23700.1 304
23760.1 312
23820.1 306
23880.1 308
23940.1 304
24000.1 276
24060.1 276
24120.1 278
24180.1 276
24240.1 284
24300.1 274
24360.1 268
24420.1 274
24480.1 282
24540.1 288
24600.1 284
24660.1 278
24720.1 280
24780.1 280
24840.1 282
24900.1 266
24960.1 272
25020.1 278
25080.1 286
25140.1 278
25200.1 272
25260.1 284
25320.1 290
25380.1 294
25440.1 286
25500.1 288
25560.1 294
25620.1 298
25680.1 306
25740.1 312
25800.1 304
25860.1 298
25920.1 292
25980.1 292
26040.1 316
26100.1 318
26160.1 314
26220.1 316
26280.1 306
26340.1 306
26400.1 300
26460.1 306
26520.1 298
26580.1 302
26640.1 302
26700.1 304
26760.1 294
26820.1 284
26880.1 274
26940.1 272
27000.1 278
27060.1 284
27120.1 284
27180.1 288
27240.1 276
27300.1 278
27360.1 274
27420.1 272
27480.1 284
27540.1 284
27600.1 280
27660.1 276
27720.1 292
27780.1 286
27840.1 302
27900.1 288
27960.1 298
28020.1 304
28080.1 302
28140.1 312
28200.1 318
28260.1 332
28320.1 336
28380.1 336
28440.1 340
28500.1 352
28560.1 348
28620.1 340
28680.1 346
28740.1 350
28800.1 342
28860.1 340
28920.1 350
28980.1 348
29040.1 344
29100.1 352
29160.1 348
29220.1 350
29280.1 332
29340.1 334
29400.1 332
29460.1 336
29520.1 336
29580.1 334
29640.1 324
29700.1 330
29760.1 344
29820.1 334
29880.1 326
29940.1 328
30000.1 332
30060.1 326
30120.1 322
30180.1 326
30240.1 318
30300.1 330
30360.1 334
30420.1 326
30480.1 324
30540.1 324
30600.1 326
30660.1 338
30720.1 344
30780.1 328
30840.1 328
30900.1 320
30960.1 320
31020.1 328
31080.1 330
31140.1 342
31200.1 338
31260.1 322
31320.1 336
31380.1 340
31440.1 338
31500.1 336
31560.1 358
31620.1 374
31680.1 362
31740.1 376
31800.1 382
31860.1 382
31920.1 388
31980.1 398
32040.1 392
32100.1 388
32160.1 390
32220.1 398
32280.1 394
32340.1 394
