60.1 9680
120.1 9451
180.1 9584
240.1 9740
300.1 9731
360.1 9835
420.1 10025
480.1 10146
540.1 9981
600.1 9790
660.1 9782
720.1 9941
780.1 9876
840.1 10063
900.1 9970
960.1 9713
1020.1 9684
1080.1 9463
1140.1 9526
1200.1 9284
1260.1 9321
1320.1 9344
1380.1 9478
1440.1 9574
1500.1 9736
1560.1 9891
1620.1 10107
1680.1 10390
1740.1 10606
1800.1 10528
1860.1 10287
1920.1 10020
1980.1 9985
2040.1 9905
2100.1 9680
2160.1 9780
2220.1 9784
2280.1 10022
2340.1 9774
2400.1 9784
2460.1 9777
2520.1 9933
2580.1 10130
2640.1 9991
2700.1 10090
2760.1 10179
2820.1 10246
2880.1 10424
2940.1 10268
3000.1 10086
3060.1 10043
3120.1 10298
3180.1 10147
3240.1 10263
3300.1 10108
3360.1 9868
3420.1 9608
3480.1 9859
3540.1 9823
3600.1 9501
3660.1 9761
3720.1 9673
3780.1 9864
3840.1 9644
3900.1 9454
3960.1 9697
4020.1 9944
4080.1 10013
4140.1 10285
4200.1 10540
4260.1 10614
4320.1 10837
4380.1 10665
4440.1 10643
4500.1 10613
4560.1 10486
4620.1 10297
4680.1 10029
4740.1 9957
4800.1 10100
4860.1 10262
4920.1 10477
4980.1 10457
5040.1 10131
5100.1 10243
5160.1 10085
5220.1 9924
5280.1 10132
5340.1 10008
5400.1 9723
5460.1 9693
5520.1 9903
5580.1 9956
5640.1 10025
5700.1 10090
5760.1 10041
5820.1 10035
5880.1 10282
5940.1 10192
6000.1 10310
6060.1 10168
6120.1 10267
6180.1 10079
6240.1 10197
6300.1 10259
6360.1 10474
6420.1 10527
6480.1 10735
6540.1 10733
6600.1 10750
6660.1 10797
6720.1 10943
6780.1 10666
6840.1 10760
6900.1 10993
6960.1 10943
7020.1 10994
7080.1 10874
7140.1 10627
7200.1 10530
7260.1 10784
7320.1 10825
7380.1 10624
7440.1 10775
7500.1 11066
7560.1 10971
7620.1 10781
7680.1 10867
7740.1 10722
7800.1 10464
7860.1 10636
7920.1 10710
7980.1 10483
8040.1 10290
8100.1 10321
8160.1 10120
8220.1 10185
8280.1 10130
8340.1 10137
8400.1 9875
8460.1 9729
8520.1 9730
8580.1 9516
8640.1 9413
8700.1 9152
8760.1 9214
8820.1 9469
8880.1 9432
8940.1 9216
9000.1 9214
9060.1 9250
9120.1 9086
9180.1 9285
9240.1 9601
9300.1 9719
9360.1 9555
9420.1 9449
9480.1 9555
9540.1 9732
9600.1 9970
9660.1 9718
9720.1 9937
9780.1 10072
9840.1 10245
9900.1 10139
9960.1 10296
10020.1 10591
10080.1 10326
10140.1 10229
10200.1 10512
10260.1 10450
10320.1 10601
10380.1 10558
10440.1 10279
10500.1 10209
10560.1 10282
10620.1 10350
10680.1 10221
10740.1 10013
10800.1 9878
10860.1 9666
10920.1 9725
10980.1 9815
11040.1 9658
11100.1 9592
11160.1 9792
11220.1 9917
11280.1 9733
11340.1 9760
11400.1 9770
11460.1 9708
11520.1 9820
11580.1 9621
11640.1 9542
11700.1 9437
11760.1 9383
11820.1 9517
11880.1 9677
11940.1 9669
12000.1 9658
12060.1 9572
12120.1 9463
12180.1 9590
12240.1 9524
12300.1 9498
12360.1 9264
12420.1 9297
12480.1 9154
12540.1 9132
12600.1 8953
12660.1 9167
12720.1 9274
12780.1 9312
12840.1 9451
12900.1 9433
12960.1 9372
13020.1 9273
13080.1 9296
13140.1 9398
13200.1 9478
13260.1 9674
13320.1 9628
13380.1 9541
13440.1 9621
13500.1 9632
13560.1 9665
13620.1 9724
13680.1 9479
13740.1 9688
13800.1 9826
13860.1 9948
13920.1 9714
13980.1 9743
14040.1 9889
14100.1 9729
14160.1 9966
14220.1 10149
14280.1 10343
14340.1 10190
14400.1 10170
14460.1 10165
14520.1 10392
14580.1 10480
14640.1 10718
14700.1 10456
14760.1 10365
14820.1 10607
14880.1 10484
14940.1 10354
15000.1 10314
15060.1 10497
15120.1 10278
15180.1 10353
15240.1 10413
15300.1 10163
15360.1 10240
15420.1 10384
15480.1 10377
15540.1 10535
15600.1 10610
15660.1 10486
15720.1 10534
15780.1 10519
15840.1 10290
15900.1 10072
15960.1 10243
16020.1 10333
16080.1 10091
16140.1 10101
16200.1 10253
16260.1 10283
16320.1 10044
16380.1 9986
16440.1 10022
16500.1 9861
16560.1 9820
16620.1 9665
16680.1 9871
16740.1 9806
16800.1 10015
16860.1 9981
16920.1 10161
16980.1 9965
17040.1 10073
17100.1 9824
17160.1 9965
17220.1 9835
17280.1 9793
17340.1 9736
17400.1 9494
17460.1 9745
17520.1 9511
17580.1 9703
17640.1 9868
17700.1 9828
17760.1 9934
17820.1 9721
17880.1 9865
17940.1 10086
18000.1 10147
18060.1 10101
18120.1 10165
18180.1 10193
18240.1 10328
18300.1 10492
18360.1 10357
18420.1 10180
18480.1 10343
18540.1 10311
18600.1 10479
18660.1 10477
18720.1 10534
18780.1 10461
18840.1 10423
18900.1 10637
18960.1 10471
19020.1 10279
19080.1 10158
19140.1 10194
19200.1 10046
19260.1 10185
19320.1 10111
19380.1 10288
19440.1 10258
19500.1 10524
19560.1 10565
19620.1 10658
19680.1 10609
19740.1 10344
19800.1 10206
19860.1 10096
19920.1 10060
19980.1 9865
20040.1 10022
20100.1 10058
20160.1 10303
20220.1 10530
20280.1 10768
20340.1 10551
20400.1 10692
20460.1 10943
20520.1 11132
20580.1 11018
20640.1 11071
20700.1 11089
20760.1 11236
20820.1 11407
20880.1 11497
20940.1 11687
21000.1 11611
21060.1 11875
21120.1 11662
21180.1 11652
21240.1 11797
21300.1 11933
21360.1 12097
21420.1 12253
21480.1 12448
21540.1 12692
21600.1 12788
21660.1 12589
21720.1 12842
21780.1 12838
21840.1 12838
21900.1 12615
21960.1 12760
22020.1 12745
22080.1 12867
22140.1 12738
22200.1 12877
22260.1 13016
22320.1 12837
22380.1 12691
22440.1 12902
22500.1 12721
22560.1 12695
22620.1 12614
22680.1 12804
22740.1 12751
22800.1 12971
22860.1 12822
22920.1 13116
22980.1 13209
23040.1 13112
23100.1 13051
23160.1 13228
23220.1 13214
23280.1 13271
23340.1 13492
23400.1 13455
23460.1 13573
23520.1 13843
23580.1 13561
23640.1 13558
23700.1 13625
23760.1 13847
23820.1 13754
23880.1 13744
23940.1 13637
24000.1 13736
24060.1 13513
24120.1 13461
24180.1 13525
24240.1 13370
24300.1 13547
24360.1 13610
24420.1 13609
24480.1 13841
24540.1 13949
24600.1 13719
24660.1 13955
24720.1 13753
24780.1 13755
24840.1 13947
24900.1 13837
24960.1 13623
25020.1 13781
25080.1 13951
25140.1 13901
25200.1 13990
25260.1 13868
25320.1 13718
25380.1 13698
25440.1 13739
25500.1 13986
25560.1 13918
25620.1 14051
25680.1 13931
25740.1 14182
25800.1 14140
25860.1 14007
25920.1 14003
25980.1 14058
26040.1 14019
26100.1 14285
26160.1 14492
26220.1 14524
26280.1 14554
26340.1 14446
26400.1 14181
26460.1 14153
26520.1 14063
26580.1 14271
26640.1 14044
26700.1 14195
26760.1 14147
26820.1 14234
26880.1 14235
26940.1 14043
27000.1 14193
27060.1 13965
27120.1 14065
27180.1 14197
27240.1 14254
27300.1 14009
27360.1 13847
27420.1 13903
27480.1 13998
27540.1 13861
27600.1 14038
27660.1 14270
27720.1 14131
27780.1 14112
27840.1 13864
27900.1 13586
27960.1 13313
28020.1 13091
28080.1 13271
28140.1 13255
28200.1 13080
28260.1 13302
28320.1 13384
28380.1 13549
28440.1 13561
28500.1 13711
28560.1 13553
28620.1 13611
28680.1 13600
28740.1 13419
28800.1 13493
28860.1 13519
28920.1 13306
28980.1 13433
29040.1 13388
29100.1 13529
29160.1 13604
29220.1 13712
29280.1 13905
29340.1 14041
29400.1 14102
29460.1 14339
29520.1 14034
29580.1 13913
29640.1 13709
29700.1 13828
29760.1 13766
29820.1 13813
29880.1 13686
29940.1 13691
30000.1 13826
30060.1 14023
30120.1 14259
30180.1 14353
30240.1 14472
30300.1 14309
30360.1 14227
30420.1 14510
30480.1 14624
30540.1 14570
30600.1 14658
30660.1 14651
30720.1 14518
30780.1 14545
30840.1 14375
30900.1 14433
30960.1 14541
31020.1 14693
31080.1 14578
31140.1 14570
31200.1 14773
31260.1 14587
31320.1 14661
31380.1 14847
31440.1 14603
31500.1 14839
31560.1 15053
31620.1 15252
31680.1 15538
31740.1 15443
31800.1 15425
31860.1 15356
31920.1 15447
31980.1 15426
32040.1 15143
32100.1 15087
32160.1 15257
32220.1 15364
32280.1 15111
32340.1 15044
32400.1 15269
32460.1 15419
32520.1 15482
32580.1 15267
32640.1 15383
32700.1 15639
32760.1 15912
32820.1 15941
32880.1 15861
32940.1 15980
33000.1 16197
33060.1 16130
33120.1 15947
33180.1 15796
33240.1 15800
33300.1 15624
33360.1 15771
33420.1 15570
33480.1 15786
33540.1 15697
33600.1 15515
33660.1 15583
33720.1 15820
33780.1 15953
33840.1 16083
33900.1 15853
33960.1 15978
34020.1 16043
34080.1 16190
34140.1 16116
34200.1 16136
34260.1 16053
34320.1 16207
34380.1 16100
34440.1 15885
34500.1 15627
34560.1 15368
34620.1 15372
34680.1 15209
34740.1 15425
34800.1 15462
34860.1 15324
34920.1 15332
34980.1 15485
35040.1 15440
35100.1 15392
35160.1 15437
35220.1 15210
35280.1 15458
35340.1 15341
35400.1 15109
35460.1 14875
35520.1 14584
35580.1 14493
35640.1 14677
35700.1 14496
35760.1 14639
35820.1 14411
35880.1 14501
35940.1 14516
36000.1 14316
36060.1 14171
36120.1 14237
36180.1 14109
36240.1 14010
36300.1 14070
36360.1 14189
36420.1 14083
36480.1 14134
36540.1 14375
36600.1 14189
36660.1 13922
36720.1 13987
36780.1 13917
36840.1 13815
36900.1 13774
36960.1 13735
37020.1 13903
37080.1 14069
37140.1 13939
37200.1 14058
37260.1 14287
37320.1 14396
37380.1 14671
37440.1 14408
37500.1 14112
37560.1 14133
37620.1 14391
37680.1 14114
37740.1 14010
37800.1 13952
37860.1 13927
37920.1 14110
37980.1 14145
38040.1 14317
38100.1 14441
38160.1 14263
38220.1 14263
38280.1 14170
38340.1 14218
38400.1 14378
38460.1 14241
38520.1 14083
38580.1 13874
38640.1 13908
38700.1 13992
38760.1 14145
38820.1 14317
38880.1 14308
38940.1 14253
39000.1 14083
39060.1 13966
39120.1 13875
39180.1 13825
39240.1 13759
39300.1 13587
39360.1 13554
39420.1 13767
39480.1 13740
39540.1 13652
39600.1 13581
39660.1 13319
39720.1 13082
39780.1 13109
39840.1 12918
39900.1 13061
39960.1 12924
40020.1 12750
40080.1 12824
40140.1 13006
40200.1 13224
40260.1 13365
40320.1 13100
40380.1 12990
40440.1 12884
40500.1 12598
40560.1 12406
40620.1 12643
40680.1 12470
40740.1 12373
40800.1 12606
40860.1 12762
40920.1 12587
40980.1 12584
41040.1 12402
41100.1 12155
41160.1 12294
41220.1 12058
41280.1 11909
41340.1 12028
41400.1 12099
41460.1 12057
41520.1 11911
41580.1 12002
41640.1 11996
41700.1 11717
41760.1 11843
41820.1 12017
41880.1 12041
41940.1 12329
42000.1 12032
42060.1 12123
42120.1 11906
42180.1 12159
42240.1 12248
42300.1 12276
42360.1 12538
42420.1 12507
42480.1 12411
42540.1 12543
42600.1 12296
42660.1 12025
42720.1 12053
42780.1 12348
42840.1 12187
42900.1 12341
42960.1 12126
43020.1 12127
43080.1 12245
43140.1 12054
43200.1 11955
43260.1 11737
43320.1 11954
43380.1 12138
