0.1 200
0.1 200
0.1 200
0.1 200
60.1 200
120.1 183
180.1 149
240.1 108
300.1 80
360.1 108
420.1 114
480.1 105
540.1 88
600.1 70
660.1 95
720.1 93
780.1 83
840.1 78
900.1 74
960.1 68
1020.1 62
1080.1 89
1140.1 95
1200.1 86
1260.1 71
1320.1 101
1380.1 107
1440.1 97
1500.1 84
1560.1 63
1620.1 93
1680.1 93
1740.1 84
1800.1 75
1860.1 72
1920.1 67
1980.1 68
2040.1 66
2100.1 69
2160.1 72
2220.1 70
2280.1 62
2340.1 85
2400.1 87
2460.1 85
2520.1 74
2580.1 71
2640.1 63
2700.1 93
2760.1 98
2820.1 90
2880.1 73
2940.1 98
3000.1 101
3060.1 85
3120.1 76
3180.1 68
3240.1 70
3300.1 72
3360.1 66
3420.1 63
3480.1 54
3540.1 87
3600.1 98
3660.1 96
3720.1 90
3780.1 83
3840.1 79
3900.1 69
3960.1 62
4020.1 100
4080.1 106
4140.1 96
4200.1 83
4260.1 71
4320.1 70
4380.1 69
4440.1 58
4500.1 94
4560.1 104
4620.1 101
4680.1 92
4740.1 83
4800.1 66
4860.1 102
4920.1 109
4980.1 100
5040.1 84
5100.1 72
5160.1 68
5220.1 66
5280.1 64
5340.1 67
5400.1 55
5460.1 85
5520.1 89
5580.1 83
5640.1 70
5700.1 100
5760.1 104
5820.1 90
5880.1 73
5940.1 103
6000.1 108
6060.1 100
6120.1 79
6180.1 106
6240.1 106
6300.1 93
6360.1 85
6420.1 82
6480.1 76
6540.1 72
6600.1 67
6660.1 65
6720.1 52
6780.1 82
6840.1 88
6900.1 77
6960.1 70
7020.1 68
7080.1 59
7140.1 88
7200.1 92
7260.1 81
7320.1 70
7380.1 66
7440.1 63
7500.1 67
7560.1 62
7620.1 92
7680.1 95
7740.1 84
7800.1 71
7860.1 103
7920.1 113
7980.1 115
8040.1 109
8100.1 87
8160.1 69
8220.1 99
8280.1 108
8340.1 100
8400.1 91
8460.1 78
8520.1 70
8580.1 68
8640.1 65
8700.1 65
8760.1 67
8820.1 68
8880.1 65
8940.1 58
9000.1 87
9060.1 89
9120.1 76
9180.1 64
9240.1 92
9300.1 95
9360.1 82
9420.1 72
9480.1 76
9540.1 68
9600.1 63
9660.1 97
9720.1 97
9780.1 90
9840.1 85
9900.1 77
9960.1 81
10020.1 70
10080.1 62
10140.1 90
10200.1 98
10260.1 93
10320.1 81
10380.1 70
10440.1 68
10500.1 66
10560.1 68
10620.1 63
10680.1 93
10740.1 102
10800.1 89
10860.1 74
10920.1 68
10980.1 66
11040.1 64
11100.1 68
11160.1 67
11220.1 68
11280.1 60
11340.1 91
11400.1 96
11460.1 85
11520.1 73
11580.1 67
11640.1 63
11700.1 60
11760.1 95
11820.1 98
11880.1 88
11940.1 81
12000.1 73
12060.1 63
12120.1 93
12180.1 95
12240.1 83
12300.1 74
12360.1 64
12420.1 94
12480.1 97
12540.1 86
12600.1 74
12660.1 74
12720.1 69
12780.1 68
12840.1 60
12900.1 82
12960.1 89
13020.1 73
13080.1 103
13140.1 114
13200.1 114
13260.1 89
13320.1 62
13380.1 92
13440.1 98
13500.1 92
13560.1 81
13620.1 72
13680.1 57
13740.1 79
13800.1 84
13860.1 78
13920.1 71
13980.1 60
14040.1 90
14100.1 92
14160.1 81
14220.1 72
14280.1 67
14340.1 62
14400.1 86
14460.1 87
14520.1 82
14580.1 75
14640.1 64
14700.1 102
14760.1 122
14820.1 122
14880.1 117
14940.1 105
15000.1 81
15060.1 117
15120.1 122
15180.1 104
15240.1 85
15300.1 73
15360.1 68
15420.1 57
15480.1 89
15540.1 95
15600.1 96
15660.1 88
15720.1 81
15780.1 67
15840.1 95
15900.1 94
15960.1 85
16020.1 69
16080.1 100
16140.1 108
16200.1 99
16260.1 87
16320.1 71
16380.1 98
16440.1 99
16500.1 91
16560.1 82
16620.1 73
16680.1 66
16740.1 65
16800.1 61
16860.1 91
16920.1 99
16980.1 97
17040.1 89
17100.1 79
17160.1 70
17220.1 68
17280.1 58
17340.1 89
17400.1 98
17460.1 86
17520.1 87
17580.1 77
17640.1 65
17700.1 97
17760.1 107
17820.1 103
17880.1 88
17940.1 74
18000.1 65
18060.1 87
18120.1 84
18180.1 74
18240.1 68
18300.1 62
18360.1 99
18420.1 106
18480.1 104
18540.1 82
18600.1 68
18660.1 103
18720.1 109
18780.1 97
18840.1 81
18900.1 73
18960.1 68
19020.1 60
19080.1 94
19140.1 99
19200.1 87
19260.1 86
19320.1 82
19380.1 81
19440.1 69
19500.1 98
19560.1 105
19620.1 105
19680.1 90
19740.1 76
19800.1 62
19860.1 95
19920.1 100
19980.1 94
20040.1 84
20100.1 75
20160.1 65
20220.1 94
20280.1 103
20340.1 89
20400.1 75
20460.1 70
20520.1 63
20580.1 92
20640.1 89
20700.1 76
20760.1 73
20820.1 62
20880.1 88
20940.1 86
21000.1 68
21060.1 97
21120.1 99
21180.1 82
21240.1 73
21300.1 73
21360.1 64
21420.1 95
21480.1 105
21540.1 93
21600.1 80
21660.1 68
21720.1 91
21780.1 91
21840.1 77
21900.1 66
21960.1 100
22020.1 109
22080.1 101
22140.1 87
22200.1 78
22260.1 60
22320.1 88
22380.1 96
22440.1 91
22500.1 78
22560.1 73
22620.1 65
22680.1 95
22740.1 104
22800.1 104
22860.1 89
22920.1 70
22980.1 95
23040.1 99
23100.1 86
23160.1 73
23220.1 71
23280.1 76
23340.1 67
23400.1 94
23460.1 97
23520.1 82
23580.1 68
23640.1 100
23700.1 106
23760.1 100
23820.1 75
23880.1 104
23940.1 112
24000.1 105
24060.1 102
24120.1 83
24180.1 79
24240.1 67
24300.1 95
24360.1 107
24420.1 105
24480.1 93
24540.1 73
24600.1 99
24660.1 106
24720.1 97
24780.1 77
24840.1 110
24900.1 114
24960.1 103
25020.1 86
25080.1 70
25140.1 103
25200.1 110
25260.1 101
25320.1 82
25380.1 73
25440.1 71
25500.1 64
25560.1 93
25620.1 97
25680.1 85
25740.1 74
25800.1 63
25860.1 90
25920.1 91
25980.1 88
26040.1 85
26100.1 79
26160.1 73
26220.1 65
26280.1 95
26340.1 99
26400.1 93
26460.1 73
26520.1 99
26580.1 102
26640.1 85
26700.1 75
26760.1 65
26820.1 99
26880.1 102
26940.1 97
27000.1 81
27060.1 69
27120.1 97
27180.1 94
27240.1 83
27300.1 74
27360.1 71
27420.1 63
27480.1 96
27540.1 106
27600.1 100
27660.1 89
27720.1 77
27780.1 67
27840.1 101
27900.1 111
27960.1 108
28020.1 84
28080.1 80
28140.1 71
28200.1 57
28260.1 85
28320.1 90
28380.1 76
28440.1 64
28500.1 93
28560.1 99
28620.1 80
28680.1 79
28740.1 64
28800.1 89
28860.1 92
28920.1 83
28980.1 64
29040.1 97
29100.1 104
29160.1 100
29220.1 86
29280.1 63
29340.1 95
29400.1 112
29460.1 105
29520.1 87
29580.1 74
29640.1 64
29700.1 93
29760.1 99
29820.1 92
29880.1 77
29940.1 72
30000.1 65
30060.1 97
30120.1 98
30180.1 91
30240.1 83
30300.1 72
30360.1 69
30420.1 66
30480.1 71
30540.1 72
30600.1 67
30660.1 65
30720.1 62
30780.1 59
30840.1 91
30900.1 105
30960.1 101
31020.1 87
31080.1 82
31140.1 75
31200.1 73
31260.1 70
31320.1 51
31380.1 86
31440.1 90
31500.1 85
31560.1 67
31620.1 98
31680.1 105
31740.1 93
31800.1 78
31860.1 64
31920.1 93
31980.1 100
32040.1 101
32100.1 88
32160.1 73
32220.1 104
32280.1 107
32340.1 90
32400.1 75
32460.1 70
32520.1 73
32580.1 65
32640.1 96
32700.1 105
32760.1 100
32820.1 84
32880.1 87
32940.1 74
33000.1 59
33060.1 91
33120.1 91
33180.1 74
33240.1 100
33300.1 97
33360.1 90
33420.1 78
33480.1 71
33540.1 71
33600.1 64
33660.1 89
33720.1 90
33780.1 78
33840.1 63
33900.1 91
33960.1 98
34020.1 88
34080.1 72
34140.1 107
34200.1 121
34260.1 118
34320.1 105
34380.1 87
34440.1 76
34500.1 62
34560.1 93
34620.1 99
34680.1 89
34740.1 73
34800.1 103
34860.1 106
34920.1 95
34980.1 81
35040.1 64
35100.1 91
35160.1 95
35220.1 84
35280.1 76
35340.1 63
35400.1 97
35460.1 108
35520.1 98
35580.1 83
35640.1 67
35700.1 95
35760.1 97
35820.1 87
35880.1 72
35940.1 106
