60.1	1017
120.1	90
180.1	60
240.1	42
300.1	24
360.1	24
420.1	24
480.1	24
540.1	24
600.1	24
660.1	24
720.1	24
780.1	24
840.1	24
900.1	24
960.1	24
1020.1	24
1080.1	24
1140.1	24
1200.1	24
1260.1	24
1320.1	24
1380.1	24
1440.1	24
1500.1	24
1560.1	24
1620.1	24
1680.1	24
1740.1	24
1800.1	24
1860.1	24
1920.1	24
1980.1	24
2040.1	24
2100.1	24
2160.1	24
2220.1	24
2280.1	24
2340.1	24
2400.1	24
2460.1	24
2520.1	24
2580.1	24
2640.1	24
2700.1	24
2760.1	24
2820.1	24
2880.1	24
2940.1	24
3000.1	24
3060.1	24
3120.1	24
3180.1	24
3240.1	24
3300.1	24
3360.1	24
3420.1	24
3480.1	24
3540.1	24
3600.1	24
3660.1	24
3720.1	24
3780.1	24
3840.1	24
3900.1	24
3960.1	24
4020.1	24
4080.1	24
4140.1	24
4200.1	24
4260.1	24
4320.1	24
4380.1	24
4440.1	24
4500.1	24
4560.1	24
4620.1	24
4680.1	24
4740.1	24
4800.1	24
4860.1	24
4920.1	24
4980.1	24
5040.1	24
5100.1	24
5160.1	24
5220.1	24
5280.1	24
5340.1	24
5400.1	24
5460.1	24
5520.1	24
5580.1	24
5640.1	24
5700.1	24
5760.1	24
5820.1	24
5880.1	24
5940.1	24
6000.1	24
6060.1	24
6120.1	24
6180.1	24
6240.1	24
6300.1	24
6360.1	24
6420.1	24
6480.1	24
6540.1	24
6600.1	24
6660.1	24
6720.1	24
6780.1	24
6840.1	24
6900.1	24
6960.1	24
7020.1	24
7080.1	24
7140.1	24
7200.1	24
7260.1	24
7320.1	24
7380.1	24
7440.1	24
7500.1	24
7560.1	24
7620.1	24
7680.1	24
7740.1	24
7800.1	24
7860.1	24
7920.1	24
7980.1	24
8040.1	24
8100.1	24
8160.1	24
8220.1	24
8280.1	24
8340.1	24
8400.1	24
8460.1	24
8520.1	24
8580.1	24
8640.1	24
8700.1	24
8760.1	24
8820.1	24
8880.1	24
8940.1	24
9000.1	24
9060.1	24
9120.1	24
9180.1	24
9240.1	24
9300.1	24
9360.1	24
9420.1	24
9480.1	24
9540.1	24
9600.1	24
9660.1	24
9720.1	24
9780.1	24
9840.1	24
9900.1	24
9960.1	24
10020.1	24
10080.1	24
10140.1	24
10200.1	24
10260.1	24
10320.1	24
10380.1	24
10440.1	24
10500.1	24
10560.1	24
10620.1	24
10680.1	24
10740.1	24
10800.1	24
10860.1	24
10920.1	24
10980.1	24
11040.1	24
11100.1	24
11160.1	24
11220.1	24
11280.1	24
11340.1	24
11400.1	24
11460.1	24
11520.1	24
11580.1	24
11640.1	24
11700.1	24
11760.1	24
11820.1	24
11880.1	24
11940.1	24
12000.1	24
12060.1	24
12120.1	24
12180.1	24
12240.1	24
12300.1	24
12360.1	24
12420.1	24
12480.1	24
12540.1	24
12600.1	24
12660.1	24
12720.1	24
12780.1	24
12840.1	24
12900.1	24
12960.1	24
13020.1	24
13080.1	24
13140.1	24
13200.1	24
13260.1	24
13320.1	24
13380.1	24
13440.1	24
13500.1	24
13560.1	24
13620.1	24
13680.1	24
13740.1	24
13800.1	24
13860.1	24
13920.1	24
13980.1	24
14040.1	24
14100.1	24
14160.1	24
14220.1	24
14280.1	24
14340.1	24
14400.1	24
14460.1	24
14520.1	24
14580.1	24
14640.1	24
14700.1	24
14760.1	24
14820.1	24
14880.1	24
14940.1	24
15000.1	24
15060.1	24
15120.1	24
15180.1	24
15240.1	24
15300.1	24
15360.1	24
15420.1	24
15480.1	24
15540.1	24
15600.1	24
15660.1	24
15720.1	24
15780.1	24
15840.1	24
15900.1	24
15960.1	24
16020.1	24
16080.1	24
16140.1	24
16200.1	24
16260.1	24
16320.1	24
16380.1	24
16440.1	24
16500.1	24
16560.1	24
16620.1	24
16680.1	24
16740.1	24
16800.1	24
16860.1	24
16920.1	24
16980.1	24
17040.1	24
17100.1	24
17160.1	24
17220.1	24
17280.1	24
17340.1	24
17400.1	24
17460.1	24
17520.1	24
17580.1	24
17640.1	24
17700.1	24
17760.1	24
17820.1	24
17880.1	24
17940.1	24
18000.1	24
18060.1	24
18120.1	24
18180.1	24
18240.1	24
18300.1	24
18360.1	24
18420.1	24
18480.1	24
18540.1	24
18600.1	24
18660.1	24
18720.1	24
18780.1	24
18840.1	24
18900.1	24
18960.1	24
19020.1	24
19080.1	24
19140.1	24
19200.1	24
19260.1	24
19320.1	24
19380.1	24
19440.1	24
19500.1	24
19560.1	24
19620.1	24
19680.1	24
19740.1	24
19800.1	24
19860.1	24
19920.1	24
19980.1	24
20040.1	24
20100.1	24
20160.1	24
20220.1	24
20280.1	24
20340.1	24
20400.1	24
20460.1	24
20520.1	24
20580.1	24
20640.1	24
20700.1	24
20760.1	24
20820.1	24
20880.1	24
20940.1	24
21000.1	24
21060.1	24
21120.1	24
21180.1	24
21240.1	24
21300.1	24
21360.1	24
21420.1	24
21480.1	24
21540.1	24
21600.1	24
21660.1	24
21720.1	24
21780.1	24
21840.1	24
21900.1	24
21960.1	24
22020.1	24
22080.1	24
22140.1	24
22200.1	24
22260.1	24
22320.1	24
22380.1	24
22440.1	24
22500.1	24
22560.1	24
22620.1	24
22680.1	24
22740.1	24
22800.1	24
22860.1	24
22920.1	24
22980.1	24
23040.1	24
23100.1	24
23160.1	24
23220.1	24
23280.1	24
23340.1	24
23400.1	24
23460.1	24
23520.1	24
23580.1	24
23640.1	24
23700.1	24
23760.1	24
23820.1	24
23880.1	24
23940.1	24
24000.1	24
24060.1	24
24120.1	24
24180.1	24
24240.1	24
24300.1	24
24360.1	24
24420.1	24
24480.1	24
24540.1	24
24600.1	24
24660.1	24
24720.1	24
24780.1	24
24840.1	24
24900.1	24
24960.1	24
25020.1	24
25080.1	24
25140.1	24
25200.1	24
25260.1	24
25320.1	24
25380.1	24
25440.1	24
25500.1	24
25560.1	24
25620.1	24
25680.1	24
25740.1	24
25800.1	24
25860.1	24
25920.1	24
25980.1	24
26040.1	24
26100.1	24
26160.1	24
26220.1	24
26280.1	24
26340.1	24
26400.1	24
26460.1	24
26520.1	24
26580.1	24
26640.1	24
26700.1	24
26760.1	24
26820.1	24
26880.1	24
26940.1	24
27000.1	24
27060.1	24
27120.1	24
27180.1	24
27240.1	24
27300.1	24
27360.1	24
27420.1	24
27480.1	24
27540.1	24
27600.1	24
27660.1	24
27720.1	24
27780.1	24
27840.1	24
27900.1	24
27960.1	24
28020.1	24
28080.1	24
28140.1	24
28200.1	24
28260.1	24
28320.1	24
28380.1	24
28440.1	24
28500.1	24
28560.1	24
28620.1	24
28680.1	24
28740.1	24
28800.1	24
28860.1	24
28920.1	24
28980.1	24
29040.1	24
29100.1	24
29160.1	24
29220.1	24
29280.1	24
29340.1	24
29400.1	24
29460.1	24
29520.1	24
29580.1	24
29640.1	24
29700.1	24
29760.1	24
29820.1	24
29880.1	24
29940.1	24
30000.1	24
30060.1	24
30120.1	24
30180.1	24
30240.1	24
30300.1	24
30360.1	24
30420.1	24
30480.1	24
30540.1	24
30600.1	24
30660.1	24
30720.1	24
30780.1	24
30840.1	24
30900.1	24
30960.1	24
31020.1	24
31080.1	24
31140.1	24
31200.1	24
31260.1	24
31320.1	24
31380.1	24
31440.1	24
31500.1	24
31560.1	24
31620.1	24
31680.1	24
31740.1	24
31800.1	24
31860.1	24
31920.1	24
31980.1	24
32040.1	24
32100.1	24
32160.1	24
32220.1	24
32280.1	24
32340.1	24
32400.1	24
32460.1	24
32520.1	24
32580.1	24
32640.1	24
32700.1	24
32760.1	24
32820.1	24
32880.1	24
32940.1	24
33000.1	24
33060.1	24
33120.1	24
33180.1	24
33240.1	24
33300.1	24
33360.1	24
33420.1	24
33480.1	24
33540.1	24
33600.1	24
33660.1	24
33720.1	24
33780.1	24
33840.1	24
33900.1	24
33960.1	24
34020.1	24
34080.1	24
34140.1	24
34200.1	24
34260.1	24
34320.1	24
34380.1	24
34440.1	24
34500.1	24
34560.1	24
34620.1	24
34680.1	24
34740.1	24
34800.1	24
34860.1	24
34920.1	24
34980.1	24
35040.1	24
35100.1	24
35160.1	24
35220.1	24
35280.1	24
35340.1	24
35400.1	24
35460.1	24
35520.1	24
35580.1	24
35640.1	24
35700.1	24
35760.1	24
35820.1	24
35880.1	24
35940.1	24
36000.1	24
36060.1	24
36120.1	24
36180.1	24
36240.1	24
36300.1	24
36360.1	24
36420.1	24
36480.1	24
36540.1	24
36600.1	24
36660.1	24
36720.1	24
36780.1	24
36840.1	24
36900.1	24
36960.1	24
37020.1	24
37080.1	24
37140.1	24
37200.1	24
37260.1	24
37320.1	24
37380.1	24
37440.1	24
37500.1	24
37560.1	24
37620.1	24
37680.1	24
37740.1	24
37800.1	24
37860.1	24
37920.1	24
37980.1	24
38040.1	24
38100.1	24
38160.1	24
38220.1	24
38280.1	24
38340.1	24
38400.1	24
38460.1	24
38520.1	24
38580.1	24
38640.1	24
38700.1	24
38760.1	24
38820.1	24
38880.1	24
38940.1	24
39000.1	24
39060.1	24
39120.1	24
39180.1	24
39240.1	24
39300.1	24
39360.1	24
39420.1	24
39480.1	24
39540.1	24
39600.1	24
39660.1	24
39720.1	24
39780.1	24
39840.1	24
39900.1	24
39960.1	24
40020.1	24
40080.1	24
40140.1	24
40200.1	24
40260.1	24
40320.1	24
40380.1	24
40440.1	24
40500.1	24
40560.1	24
40620.1	24
40680.1	24
40740.1	24
40800.1	24
40860.1	24
40920.1	24
40980.1	24
41040.1	24
41100.1	24
41160.1	24
41220.1	24
41280.1	24
41340.1	24
41400.1	24
41460.1	24
41520.1	24
41580.1	24
41640.1	24
41700.1	24
41760.1	24
41820.1	24
41880.1	24
41940.1	24
42000.1	24
42060.1	24
42120.1	24
42180.1	24
42240.1	24
42300.1	24
42360.1	24
42420.1	24
42480.1	24
42540.1	24
42600.1	24
42660.1	24
42720.1	24
42780.1	24
42840.1	24
42900.1	24
42960.1	24
43020.1	24
43080.1	24
43140.1	24
43200.1	24
43260.1	24
43320.1	24
43380.1	24
43440.1	24
43500.1	24
43560.1	24
43620.1	24
43680.1	24
43740.1	24
43800.1	24
43860.1	24
43920.1	24
43980.1	24
44040.1	24
44100.1	24
44160.1	24
44220.1	24
44280.1	24
44340.1	24
44400.1	24
44460.1	24
44520.1	24
44580.1	24
44640.1	24
44700.1	24
44760.1	24
44820.1	24
44880.1	24
44940.1	24
45000.1	24
45060.1	24
45120.1	24
45180.1	24
45240.1	24
45300.1	24
45360.1	24
45420.1	24
45480.1	24
45540.1	24
45600.1	24
45660.1	24
45720.1	24
45780.1	24
45840.1	24
45900.1	24
45960.1	24
46020.1	24
46080.1	24
46140.1	24
46200.1	24
46260.1	24
46320.1	24
46380.1	24
46440.1	24
46500.1	24
46560.1	24
46620.1	24
46680.1	24
46740.1	24
46800.1	24
46860.1	24
46920.1	24
46980.1	24
47040.1	24
47100.1	24
47160.1	24
47220.1	24
47280.1	24
47340.1	24
47400.1	24
47460.1	24
47520.1	24
47580.1	24
47640.1	24
47700.1	24
47760.1	24
47820.1	24
47880.1	24
47940.1	24
48000.1	24
48060.1	24
48120.1	24
48180.1	24
48240.1	24
48300.1	24
48360.1	24
48420.1	24
48480.1	24
48540.1	24
48600.1	24
48660.1	24
48720.1	24
48780.1	24
48840.1	24
48900.1	24
48960.1	24
49020.1	24
49080.1	24
49140.1	24
49200.1	24
49260.1	24
49320.1	24
49380.1	24
49440.1	24
49500.1	24
49560.1	24
49620.1	24
49680.1	24
49740.1	24
49800.1	24
49860.1	24
49920.1	24
49980.1	24
50040.1	24
50100.1	24
50160.1	24
50220.1	24
50280.1	24
50340.1	24
50400.1	24
50460.1	24
50520.1	24
50580.1	24
50640.1	24
50700.1	24
50760.1	24
50820.1	24
50880.1	24
50940.1	24
51000.1	24
51060.1	24
51120.1	24
51180.1	24
51240.1	24
51300.1	24
51360.1	24
51420.1	24
51480.1	24
51540.1	24
51600.1	24
51660.1	24
51720.1	24
51780.1	24
51840.1	24
51900.1	24
51960.1	24
52020.1	24
52080.1	24
52140.1	24
52200.1	24
52260.1	24
52320.1	24
52380.1	24
52440.1	24
52500.1	24
52560.1	24
52620.1	24
52680.1	24
52740.1	24
52800.1	24
52860.1	24
52920.1	24
52980.1	24
53040.1	24
53100.1	24
53160.1	24
53220.1	24
53280.1	24
53340.1	24
53400.1	24
53460.1	24
53520.1	24
53580.1	24
53640.1	24
53700.1	24
53760.1	24
53820.1	24
53880.1	24
53940.1	24
54000.1	24
54060.1	24
54120.1	24
54180.1	24
54240.1	24
54300.1	24
54360.1	24
54420.1	24
54480.1	24
54540.1	24
54600.1	24
54660.1	24
54720.1	24
54780.1	24
54840.1	24
54900.1	24
54960.1	24
55020.1	24
55080.1	24
55140.1	24
55200.1	24
55260.1	24
55320.1	24
55380.1	24
55440.1	24
55500.1	24
55560.1	24
55620.1	24
55680.1	24
55740.1	24
55800.1	24
55860.1	24
55920.1	24
55980.1	24
56040.1	24
56100.1	24
56160.1	24
56220.1	24
56280.1	24
56340.1	24
56400.1	24
56460.1	24
56520.1	24
56580.1	24
56640.1	24
56700.1	24
56760.1	24
56820.1	24
56880.1	24
56940.1	24
57000.1	24
57060.1	24
57120.1	24
57180.1	24
57240.1	24
57300.1	24
57360.1	24
57420.1	24
57480.1	24
57540.1	24
57600.1	24
57660.1	24
57720.1	24
57780.1	24
57840.1	24
57900.1	24
57960.1	24
58020.1	24
58080.1	24
58140.1	24
58200.1	24
58260.1	24
58320.1	24
58380.1	24
58440.1	24
58500.1	24
58560.1	24
58620.1	24
58680.1	24
58740.1	24
58800.1	24
58860.1	24
58920.1	24
58980.1	24
59040.1	24
59100.1	24
59160.1	24
59220.1	24
59280.1	24
59340.1	24
59400.1	24
59460.1	24
59520.1	24
59580.1	24
59640.1	24
59700.1	24
59760.1	24
59820.1	24
59880.1	24
59940.1	24
60000.1	24
60060.1	24
60120.1	24
60180.1	24
60240.1	24
60300.1	24
60360.1	24
60420.1	24
60480.1	24
60540.1	24
60600.1	24
60660.1	24
60720.1	24
60780.1	24
60840.1	24
60900.1	24
60960.1	24
61020.1	24
61080.1	24
61140.1	24
61200.1	24
61260.1	24
61320.1	24
61380.1	24
61440.1	24
61500.1	24
61560.1	24
61620.1	24
61680.1	24
61740.1	24
61800.1	24
61860.1	24
61920.1	24
61980.1	24
62040.1	24
62100.1	24
62160.1	24
62220.1	24
62280.1	24
62340.1	24
62400.1	24
62460.1	24
62520.1	24
62580.1	24
62640.1	24
62700.1	24
62760.1	24
62820.1	24
62880.1	24
62940.1	24
63000.1	24
63060.1	24
63120.1	24
63180.1	24
63240.1	24
63300.1	24
63360.1	24
63420.1	24
63480.1	24
63540.1	24
63600.1	24
63660.1	24
63720.1	24
63780.1	24
63840.1	24
63900.1	24
63960.1	24
64020.1	24
64080.1	24
64140.1	24
64200.1	24
64260.1	24
64320.1	24
64380.1	24
64440.1	24
64500.1	24
64560.1	24
64620.1	24
64680.1	24
64740.1	24
64800.1	24
64860.1	24
64920.1	24
64980.1	24
65040.1	24
65100.1	24
65160.1	24
65220.1	24
65280.1	24
65340.1	24
65400.1	24
65460.1	24
65520.1	24
65580.1	24
65640.1	24
65700.1	24
65760.1	24
65820.1	24
65880.1	24
65940.1	24
66000.1	24
66060.1	24
66120.1	24
66180.1	24
66240.1	24
66300.1	24
66360.1	24
66420.1	24
66480.1	24
66540.1	24
66600.1	24
66660.1	24
66720.1	24
66780.1	24
66840.1	24
66900.1	24
66960.1	24
67020.1	24
67080.1	24
67140.1	24
67200.1	24
67260.1	24
67320.1	24
67380.1	24
67440.1	24
67500.1	24
67560.1	24
67620.1	24
67680.1	24
67740.1	24
67800.1	24
67860.1	24
67920.1	24
67980.1	24
68040.1	24
68100.1	24
68160.1	24
68220.1	24
68280.1	24
68340.1	24
68400.1	24
68460.1	24
68520.1	24
68580.1	24
68640.1	24
68700.1	24
68760.1	24
68820.1	24
68880.1	24
68940.1	24
69000.1	24
69060.1	24
69120.1	24
69180.1	24
69240.1	24
69300.1	24
69360.1	24
69420.1	24
69480.1	24
69540.1	24
69600.1	24
69660.1	24
69720.1	24
69780.1	24
69840.1	24
69900.1	24
69960.1	24
70020.1	24
70080.1	24
70140.1	24
70200.1	24
70260.1	24
70320.1	24
70380.1	24
70440.1	24
70500.1	24
70560.1	24
70620.1	24
70680.1	24
70740.1	24
70800.1	24
70860.1	24
70920.1	24
70980.1	24
71040.1	24
71100.1	24
71160.1	24
71220.1	24
71280.1	24
71340.1	24
71400.1	24
71460.1	24
71520.1	24
71580.1	24
71640.1	24
71700.1	24
71760.1	24
71820.1	24
71880.1	24
71940.1	24
72000.1	24
72060.1	24
72120.1	24
72180.1	24
72240.1	24
72300.1	24
72360.1	24
72420.1	24
72480.1	24
72540.1	24
72600.1	24
72660.1	24
72720.1	24
72780.1	24
72840.1	24
72900.1	24
72960.1	24
73020.1	24
73080.1	24
73140.1	24
73200.1	24
73260.1	24
73320.1	24
73380.1	24
73440.1	24
73500.1	24
73560.1	24
73620.1	24
73680.1	24
73740.1	24
73800.1	24
73860.1	24
73920.1	24
73980.1	24
74040.1	24
74100.1	24
74160.1	24
74220.1	24
74280.1	24
74340.1	24
74400.1	24
74460.1	24
74520.1	24
74580.1	24
74640.1	24
74700.1	24
74760.1	24
74820.1	24
74880.1	24
74940.1	24
75000.1	24
75060.1	24
75120.1	24
75180.1	24
75240.1	24
75300.1	24
75360.1	24
75420.1	24
75480.1	24
75540.1	24
75600.1	24
75660.1	24
75720.1	24
75780.1	24
75840.1	24
75900.1	24
75960.1	24
76020.1	24
76080.1	24
76140.1	24
76200.1	24
76260.1	24
76320.1	24
76380.1	24
76440.1	24
76500.1	24
76560.1	24
76620.1	24
76680.1	24
76740.1	24
76800.1	24
76860.1	24
76920.1	24
76980.1	24
77040.1	24
77100.1	24
77160.1	24
77220.1	24
77280.1	24
77340.1	24
77400.1	24
77460.1	24
77520.1	24
77580.1	24
77640.1	24
77700.1	24
77760.1	24
77820.1	24
77880.1	24
77940.1	24
78000.1	24
78060.1	24
78120.1	24
78180.1	24
78240.1	24
78300.1	24
78360.1	24
78420.1	24
78480.1	24
78540.1	24
78600.1	24
78660.1	24
78720.1	24
78780.1	24
78840.1	24
78900.1	24
78960.1	24
79020.1	24
79080.1	24
79140.1	24
79200.1	24
79260.1	24
79320.1	24
79380.1	24
79440.1	24
79500.1	24
79560.1	24
79620.1	24
79680.1	24
79740.1	24
79800.1	24
79860.1	24
79920.1	24
79980.1	24
80040.1	24
80100.1	24
80160.1	24
80220.1	24
80280.1	24
80340.1	24
80400.1	24
80460.1	24
80520.1	24
80580.1	24
80640.1	24
80700.1	24
80760.1	24
80820.1	24
80880.1	24
80940.1	24
81000.1	24
81060.1	24
81120.1	24
81180.1	24
81240.1	24
81300.1	24
81360.1	24
81420.1	24
81480.1	24
81540.1	24
81600.1	24
81660.1	24
81720.1	24
81780.1	24
81840.1	24
81900.1	24
81960.1	24
82020.1	24
82080.1	24
82140.1	24
82200.1	24
82260.1	24
82320.1	24
82380.1	24
82440.1	24
82500.1	24
82560.1	24
82620.1	24
82680.1	24
82740.1	24
82800.1	24
82860.1	24
82920.1	24
82980.1	24
83040.1	24
83100.1	24
83160.1	24
83220.1	24
83280.1	24
83340.1	24
83400.1	24
83460.1	24
83520.1	24
83580.1	24
83640.1	24
83700.1	24
83760.1	24
83820.1	24
83880.1	24
83940.1	24
84000.1	24
84060.1	24
84120.1	24
84180.1	24
84240.1	24
84300.1	24
84360.1	24
84420.1	24
84480.1	24
84540.1	24
84600.1	24
84660.1	24
84720.1	24
84780.1	24
84840.1	24
84900.1	24
84960.1	24
85020.1	24
85080.1	24
85140.1	24
85200.1	24
85260.1	24
85320.1	24
85380.1	24
85440.1	24
85500.1	24
85560.1	24
85620.1	24
85680.1	24
85740.1	24
85800.1	24
85860.1	24
85920.1	24
85980.1	24
86040.1	24
86100.1	24
86160.1	24
86220.1	24
86280.1	24
86340.1	24
