0.1 933
0.1 933
0.1 933
0.1 933
60.1 933
120.1 726
180.1 530
240.1 349
300.1 191
360.1 191
420.1 191
480.1 191
540.1 191
600.1 191
660.1 191
720.1 191
780.1 191
840.1 191
900.1 191
960.1 191
1020.1 191
1080.1 191
1140.1 191
1200.1 191
1260.1 191
1320.1 191
1380.1 191
1440.1 191
1500.1 191
1560.1 191
1620.1 191
1680.1 191
1740.1 191
1800.1 191
1860.1 191
1920.1 191
1980.1 191
2040.1 191
2100.1 191
2160.1 191
2220.1 191
2280.1 191
2340.1 191
2400.1 191
2460.1 191
2520.1 191
2580.1 191
2640.1 191
2700.1 191
2760.1 191
2820.1 191
2880.1 191
2940.1 191
3000.1 191
3060.1 191
3120.1 191
3180.1 191
3240.1 191
3300.1 191
3360.1 191
3420.1 191
3480.1 191
3540.1 191
3600.1 191
3660.1 191
3720.1 191
3780.1 191
3840.1 191
3900.1 191
3960.1 191
4020.1 191
4080.1 191
4140.1 191
4200.1 191
4260.1 191
4320.1 191
4380.1 191
4440.1 191
4500.1 191
4560.1 191
4620.1 191
4680.1 191
4740.1 191
4800.1 191
4860.1 191
4920.1 191
4980.1 191
5040.1 191
5100.1 191
5160.1 191
5220.1 191
5280.1 191
5340.1 191
5400.1 191
5460.1 191
5520.1 191
5580.1 191
5640.1 191
5700.1 191
5760.1 191
5820.1 191
5880.1 191
5940.1 191
6000.1 191
6060.1 191
6120.1 191
6180.1 191
6240.1 191
6300.1 191
6360.1 191
6420.1 191
6480.1 191
6540.1 191
6600.1 191
6660.1 191
6720.1 191
6780.1 191
6840.1 191
6900.1 191
6960.1 191
7020.1 191
7080.1 191
7140.1 191
7200.1 191
7260.1 191
7320.1 191
7380.1 191
7440.1 191
7500.1 191
7560.1 191
7620.1 191
7680.1 191
7740.1 191
7800.1 191
7860.1 191
7920.1 191
7980.1 191
8040.1 191
8100.1 191
8160.1 191
8220.1 191
8280.1 191
8340.1 191
8400.1 191
8460.1 191
8520.1 191
8580.1 191
8640.1 191
8700.1 191
8760.1 191
8820.1 191
8880.1 191
8940.1 191
9000.1 191
9060.1 191
9120.1 191
9180.1 191
9240.1 191
9300.1 191
9360.1 191
9420.1 191
9480.1 191
9540.1 191
9600.1 191
9660.1 191
9720.1 191
9780.1 191
9840.1 191
9900.1 191
9960.1 191
10020.1 191
10080.1 191
10140.1 191
10200.1 191
10260.1 191
10320.1 191
10380.1 191
10440.1 191
10500.1 191
10560.1 191
10620.1 191
10680.1 191
10740.1 191
10800.1 191
10860.1 191
10920.1 191
10980.1 191
11040.1 191
11100.1 191
11160.1 191
11220.1 191
11280.1 191
11340.1 191
11400.1 191
11460.1 191
11520.1 191
11580.1 191
11640.1 191
11700.1 191
11760.1 191
11820.1 191
11880.1 191
11940.1 191
12000.1 191
12060.1 191
12120.1 191
12180.1 191
12240.1 191
12300.1 191
12360.1 191
12420.1 191
12480.1 191
12540.1 191
12600.1 191
12660.1 191
12720.1 191
12780.1 191
12840.1 191
12900.1 191
12960.1 191
13020.1 191
13080.1 191
13140.1 191
13200.1 191
13260.1 191
13320.1 191
13380.1 191
13440.1 191
13500.1 191
13560.1 191
13620.1 191
13680.1 191
13740.1 191
13800.1 191
13860.1 191
13920.1 191
13980.1 191
14040.1 191
14100.1 191
14160.1 191
14220.1 191
14280.1 191
14340.1 191
14400.1 191
14460.1 191
14520.1 191
14580.1 191
14640.1 191
14700.1 191
14760.1 191
14820.1 191
14880.1 191
14940.1 191
15000.1 191
15060.1 191
15120.1 191
15180.1 191
15240.1 191
15300.1 191
15360.1 191
15420.1 191
15480.1 191
15540.1 191
15600.1 191
15660.1 191
15720.1 191
15780.1 191
15840.1 191
15900.1 191
15960.1 191
16020.1 191
16080.1 191
16140.1 191
16200.1 191
16260.1 191
16320.1 191
16380.1 191
16440.1 191
16500.1 191
16560.1 191
16620.1 191
16680.1 191
16740.1 191
16800.1 191
16860.1 191
16920.1 191
16980.1 191
17040.1 191
17100.1 191
17160.1 191
17220.1 191
17280.1 191
17340.1 191
17400.1 191
17460.1 191
17520.1 191
17580.1 191
17640.1 191
17700.1 191
17760.1 191
17820.1 191
17880.1 191
17940.1 191
18000.1 191
18060.1 191
18120.1 191
18180.1 191
18240.1 191
18300.1 191
18360.1 191
18420.1 191
18480.1 191
18540.1 191
18600.1 191
18660.1 191
18720.1 191
18780.1 191
18840.1 191
18900.1 191
18960.1 191
19020.1 191
19080.1 191
19140.1 191
19200.1 191
19260.1 191
19320.1 191
19380.1 191
19440.1 191
19500.1 191
19560.1 191
19620.1 191
19680.1 191
19740.1 191
19800.1 191
19860.1 191
19920.1 191
19980.1 191
20040.1 191
20100.1 191
20160.1 191
20220.1 191
20280.1 191
20340.1 191
20400.1 191
20460.1 191
20520.1 191
20580.1 191
20640.1 191
20700.1 191
20760.1 191
20820.1 191
20880.1 191
20940.1 191
21000.1 191
21060.1 191
21120.1 191
21180.1 191
21240.1 191
21300.1 191
21360.1 191
21420.1 191
21480.1 191
21540.1 191
21600.1 191
21660.1 191
21720.1 191
21780.1 191
21840.1 191
21900.1 191
21960.1 191
22020.1 191
22080.1 191
22140.1 191
22200.1 191
22260.1 191
22320.1 191
22380.1 191
22440.1 191
22500.1 191
22560.1 191
22620.1 191
22680.1 191
22740.1 191
22800.1 191
22860.1 191
22920.1 191
22980.1 191
23040.1 191
23100.1 191
23160.1 191
23220.1 191
23280.1 191
23340.1 191
23400.1 191
23460.1 191
23520.1 191
23580.1 191
23640.1 191
23700.1 191
23760.1 191
23820.1 191
23880.1 191
23940.1 191
24000.1 191
24060.1 191
24120.1 191
24180.1 191
24240.1 191
24300.1 191
24360.1 191
24420.1 191
24480.1 191
24540.1 191
24600.1 191
24660.1 191
24720.1 191
24780.1 191
24840.1 191
24900.1 191
24960.1 191
25020.1 191
25080.1 191
25140.1 191
25200.1 191
25260.1 191
25320.1 191
25380.1 191
25440.1 191
25500.1 191
25560.1 191
25620.1 191
25680.1 191
25740.1 191
25800.1 191
25860.1 191
25920.1 191
25980.1 191
26040.1 191
26100.1 191
26160.1 191
26220.1 191
26280.1 191
26340.1 191
26400.1 191
26460.1 191
26520.1 191
26580.1 191
26640.1 191
26700.1 191
26760.1 191
26820.1 191
26880.1 191
26940.1 191
27000.1 191
27060.1 191
27120.1 191
27180.1 191
27240.1 191
27300.1 191
27360.1 191
27420.1 191
27480.1 191
27540.1 191
27600.1 191
27660.1 191
27720.1 191
27780.1 191
27840.1 191
27900.1 191
27960.1 191
28020.1 191
28080.1 191
28140.1 191
28200.1 191
28260.1 191
28320.1 191
28380.1 191
28440.1 191
28500.1 191
28560.1 191
28620.1 191
28680.1 191
28740.1 191
28800.1 191
28860.1 191
28920.1 191
28980.1 191
29040.1 191
29100.1 191
29160.1 191
29220.1 191
29280.1 191
29340.1 191
29400.1 191
29460.1 191
29520.1 191
29580.1 191
29640.1 191
29700.1 191
29760.1 191
29820.1 191
29880.1 191
29940.1 191
30000.1 191
30060.1 191
30120.1 191
30180.1 191
30240.1 191
30300.1 191
30360.1 191
30420.1 191
30480.1 191
30540.1 191
30600.1 191
30660.1 191
30720.1 191
30780.1 191
30840.1 191
30900.1 191
30960.1 191
31020.1 191
31080.1 191
31140.1 191
31200.1 191
31260.1 191
31320.1 191
31380.1 191
31440.1 191
31500.1 191
31560.1 191
31620.1 191
31680.1 191
31740.1 191
31800.1 191
31860.1 191
31920.1 191
31980.1 191
32040.1 191
32100.1 191
32160.1 191
32220.1 191
32280.1 191
32340.1 191
32400.1 191
32460.1 191
32520.1 191
32580.1 191
32640.1 191
32700.1 191
32760.1 191
32820.1 191
32880.1 191
32940.1 191
33000.1 191
33060.1 191
33120.1 191
33180.1 191
33240.1 191
33300.1 191
33360.1 191
33420.1 191
33480.1 191
33540.1 191
33600.1 191
33660.1 191
33720.1 191
33780.1 191
33840.1 191
33900.1 191
33960.1 191
34020.1 191
34080.1 191
34140.1 191
34200.1 191
34260.1 191
34320.1 191
34380.1 191
34440.1 191
34500.1 191
34560.1 191
34620.1 191
34680.1 191
34740.1 191
34800.1 191
34860.1 191
34920.1 191
34980.1 191
35040.1 191
35100.1 191
35160.1 191
35220.1 191
35280.1 191
35340.1 191
35400.1 191
35460.1 191
35520.1 191
35580.1 191
35640.1 191
35700.1 191
35760.1 191
35820.1 191
35880.1 191
35940.1 191
36000.1 191
36060.1 191
36120.1 191
36180.1 191
36240.1 191
36300.1 191
36360.1 191
36420.1 191
36480.1 191
36540.1 191
36600.1 191
36660.1 191
36720.1 191
36780.1 191
36840.1 191
36900.1 191
36960.1 191
37020.1 191
37080.1 191
37140.1 191
37200.1 191
37260.1 191
37320.1 191
37380.1 191
37440.1 191
37500.1 191
37560.1 191
37620.1 191
37680.1 191
37740.1 191
37800.1 191
37860.1 191
37920.1 191
37980.1 191
38040.1 191
38100.1 191
38160.1 191
38220.1 191
38280.1 191
38340.1 191
38400.1 191
38460.1 191
38520.1 191
38580.1 191
38640.1 191
38700.1 191
38760.1 191
38820.1 191
38880.1 191
38940.1 191
39000.1 191
39060.1 191
39120.1 191
39180.1 191
39240.1 191
39300.1 191
39360.1 191
39420.1 191
39480.1 191
39540.1 191
39600.1 191
39660.1 191
39720.1 191
39780.1 191
39840.1 191
39900.1 191
39960.1 191
40020.1 191
40080.1 191
40140.1 191
40200.1 191
40260.1 191
40320.1 191
40380.1 191
40440.1 191
40500.1 191
40560.1 191
40620.1 191
40680.1 191
40740.1 191
40800.1 191
40860.1 191
40920.1 191
40980.1 191
41040.1 191
41100.1 191
41160.1 191
41220.1 191
41280.1 191
41340.1 191
41400.1 191
41460.1 191
41520.1 191
41580.1 191
41640.1 191
41700.1 191
41760.1 191
41820.1 191
41880.1 191
41940.1 191
42000.1 191
42060.1 191
42120.1 191
42180.1 191
42240.1 191
42300.1 191
42360.1 191
42420.1 191
42480.1 191
42540.1 191
42600.1 191
42660.1 191
42720.1 191
42780.1 191
42840.1 191
42900.1 191
42960.1 191
43020.1 191
43080.1 191
43140.1 191
43200.1 191
43260.1 191
43320.1 191
43380.1 191
43440.1 191
43500.1 191
43560.1 191
43620.1 191
43680.1 191
43740.1 191
43800.1 191
43860.1 191
43920.1 191
43980.1 191
44040.1 191
44100.1 191
44160.1 191
44220.1 191
44280.1 191
44340.1 191
44400.1 191
44460.1 191
44520.1 191
44580.1 191
44640.1 191
44700.1 191
44760.1 191
44820.1 191
44880.1 191
44940.1 191
45000.1 191
45060.1 191
45120.1 191
45180.1 191
45240.1 191
45300.1 191
45360.1 191
45420.1 191
45480.1 191
45540.1 191
45600.1 191
45660.1 191
45720.1 191
45780.1 191
45840.1 191
45900.1 191
45960.1 191
46020.1 191
46080.1 191
46140.1 191
46200.1 191
46260.1 191
46320.1 191
46380.1 191
46440.1 191
46500.1 191
46560.1 191
46620.1 191
46680.1 191
46740.1 191
46800.1 191
46860.1 191
46920.1 191
46980.1 191
47040.1 191
47100.1 191
47160.1 191
47220.1 191
47280.1 191
47340.1 191
47400.1 191
47460.1 191
47520.1 191
47580.1 191
47640.1 191
47700.1 191
47760.1 191
47820.1 191
47880.1 191
47940.1 191
48000.1 191
48060.1 191
48120.1 191
48180.1 191
48240.1 191
48300.1 191
48360.1 191
48420.1 191
48480.1 191
48540.1 191
48600.1 191
48660.1 191
48720.1 191
48780.1 191
48840.1 191
48900.1 191
48960.1 191
49020.1 191
49080.1 191
49140.1 191
49200.1 191
49260.1 191
49320.1 191
49380.1 191
49440.1 191
49500.1 191
49560.1 191
49620.1 191
49680.1 191
49740.1 191
49800.1 191
49860.1 191
49920.1 191
49980.1 191
50040.1 191
50100.1 191
50160.1 191
50220.1 191
50280.1 191
50340.1 191
50400.1 191
50460.1 191
50520.1 191
50580.1 191
50640.1 191
50700.1 191
50760.1 191
50820.1 191
50880.1 191
50940.1 191
51000.1 191
51060.1 191
51120.1 191
51180.1 191
51240.1 191
51300.1 191
51360.1 191
51420.1 191
51480.1 191
51540.1 191
51600.1 191
51660.1 191
51720.1 191
51780.1 191
51840.1 191
51900.1 191
51960.1 191
52020.1 191
52080.1 191
52140.1 191
52200.1 191
52260.1 191
52320.1 191
52380.1 191
52440.1 191
52500.1 191
52560.1 191
52620.1 191
52680.1 191
52740.1 191
52800.1 191
52860.1 191
52920.1 191
52980.1 191
53040.1 191
53100.1 191
53160.1 191
53220.1 191
53280.1 191
53340.1 191
53400.1 191
53460.1 191
53520.1 191
53580.1 191
53640.1 191
53700.1 191
53760.1 191
53820.1 191
53880.1 191
53940.1 191
54000.1 191
54060.1 191
54120.1 191
54180.1 191
54240.1 191
54300.1 191
54360.1 191
54420.1 191
54480.1 191
54540.1 191
54600.1 191
54660.1 191
54720.1 191
54780.1 191
54840.1 191
54900.1 191
54960.1 191
55020.1 191
55080.1 191
55140.1 191
55200.1 191
55260.1 191
55320.1 191
55380.1 191
55440.1 191
55500.1 191
55560.1 191
55620.1 191
55680.1 191
55740.1 191
55800.1 191
55860.1 191
55920.1 191
55980.1 191
56040.1 191
56100.1 191
56160.1 191
56220.1 191
56280.1 191
56340.1 191
56400.1 191
56460.1 191
56520.1 191
56580.1 191
56640.1 191
56700.1 191
56760.1 191
56820.1 191
56880.1 191
56940.1 191
57000.1 191
57060.1 191
57120.1 191
57180.1 191
57240.1 191
57300.1 191
57360.1 191
57420.1 191
57480.1 191
57540.1 191
57600.1 191
57660.1 191
57720.1 191
57780.1 191
57840.1 191
57900.1 191
57960.1 191
58020.1 191
58080.1 191
58140.1 191
58200.1 191
58260.1 191
58320.1 191
58380.1 191
58440.1 191
58500.1 191
58560.1 191
58620.1 191
58680.1 191
58740.1 191
58800.1 191
58860.1 191
58920.1 191
58980.1 191
59040.1 191
59100.1 191
59160.1 191
59220.1 191
59280.1 191
59340.1 191
59400.1 191
59460.1 191
59520.1 191
59580.1 191
59640.1 191
59700.1 191
59760.1 191
59820.1 191
59880.1 191
59940.1 191
60000.1 191
60060.1 191
60120.1 191
60180.1 191
60240.1 191
60300.1 191
60360.1 191
60420.1 191
60480.1 191
60540.1 191
60600.1 191
60660.1 191
60720.1 191
60780.1 191
60840.1 191
60900.1 191
60960.1 191
61020.1 191
61080.1 191
61140.1 191
61200.1 191
61260.1 191
61320.1 191
61380.1 191
61440.1 191
61500.1 191
61560.1 191
61620.1 191
61680.1 191
61740.1 191
61800.1 191
61860.1 191
61920.1 191
61980.1 191
62040.1 191
62100.1 191
62160.1 191
62220.1 191
62280.1 191
62340.1 191
62400.1 191
62460.1 191
62520.1 191
62580.1 191
62640.1 191
62700.1 191
62760.1 191
62820.1 191
62880.1 191
62940.1 191
63000.1 191
63060.1 191
63120.1 191
63180.1 191
63240.1 191
63300.1 191
63360.1 191
63420.1 191
63480.1 191
63540.1 191
63600.1 191
63660.1 191
63720.1 191
63780.1 191
63840.1 191
63900.1 191
63960.1 191
64020.1 191
64080.1 191
64140.1 191
64200.1 191
64260.1 191
64320.1 191
64380.1 191
64440.1 191
64500.1 191
64560.1 191
64620.1 191
64680.1 191
64740.1 191
64800.1 191
64860.1 191
64920.1 191
64980.1 191
65040.1 191
65100.1 191
65160.1 191
65220.1 191
65280.1 191
65340.1 191
65400.1 191
65460.1 191
65520.1 191
65580.1 191
65640.1 191
65700.1 191
65760.1 191
65820.1 191
65880.1 191
65940.1 191
66000.1 191
66060.1 191
66120.1 191
66180.1 191
66240.1 191
66300.1 191
66360.1 191
66420.1 191
66480.1 191
66540.1 191
66600.1 191
66660.1 191
66720.1 191
66780.1 191
66840.1 191
66900.1 191
66960.1 191
67020.1 191
67080.1 191
67140.1 191
67200.1 191
67260.1 191
67320.1 191
67380.1 191
67440.1 191
67500.1 191
67560.1 191
67620.1 191
67680.1 191
67740.1 191
67800.1 191
67860.1 191
67920.1 191
67980.1 191
68040.1 191
68100.1 191
68160.1 191
68220.1 191
68280.1 191
68340.1 191
68400.1 191
68460.1 191
68520.1 191
68580.1 191
68640.1 191
68700.1 191
68760.1 191
68820.1 191
68880.1 191
68940.1 191
69000.1 191
69060.1 191
69120.1 191
69180.1 191
69240.1 191
69300.1 191
69360.1 191
69420.1 191
69480.1 191
69540.1 191
69600.1 191
69660.1 191
69720.1 191
69780.1 191
69840.1 191
69900.1 191
69960.1 191
70020.1 191
70080.1 191
70140.1 191
70200.1 191
70260.1 191
70320.1 191
70380.1 191
70440.1 191
70500.1 191
70560.1 191
70620.1 191
70680.1 191
70740.1 191
70800.1 191
70860.1 191
70920.1 191
70980.1 191
71040.1 191
71100.1 191
71160.1 191
71220.1 191
71280.1 191
71340.1 191
71400.1 191
71460.1 191
71520.1 191
71580.1 191
71640.1 191
71700.1 191
71760.1 191
71820.1 191
71880.1 191
71940.1 191
72000.1 191
72060.1 191
72120.1 191
72180.1 191
72240.1 191
72300.1 191
72360.1 191
72420.1 191
72480.1 191
72540.1 191
72600.1 191
72660.1 191
72720.1 191
72780.1 191
72840.1 191
72900.1 191
72960.1 191
73020.1 191
73080.1 191
73140.1 191
73200.1 191
73260.1 191
73320.1 191
73380.1 191
73440.1 191
73500.1 191
73560.1 191
73620.1 191
73680.1 191
73740.1 191
73800.1 191
73860.1 191
73920.1 191
73980.1 191
74040.1 191
74100.1 191
74160.1 191
74220.1 191
74280.1 191
74340.1 191
74400.1 191
74460.1 191
74520.1 191
74580.1 191
74640.1 191
74700.1 191
74760.1 191
74820.1 191
74880.1 191
74940.1 191
75000.1 191
75060.1 191
75120.1 191
75180.1 191
75240.1 191
75300.1 191
75360.1 191
75420.1 191
75480.1 191
75540.1 191
75600.1 191
75660.1 191
75720.1 191
75780.1 191
75840.1 191
75900.1 191
75960.1 191
76020.1 191
76080.1 191
76140.1 191
76200.1 191
76260.1 191
76320.1 191
76380.1 191
76440.1 191
76500.1 191
76560.1 191
76620.1 191
76680.1 191
76740.1 191
76800.1 191
76860.1 191
76920.1 191
76980.1 191
77040.1 191
77100.1 191
77160.1 191
77220.1 191
77280.1 191
77340.1 191
77400.1 191
77460.1 191
77520.1 191
77580.1 191
77640.1 191
77700.1 191
77760.1 191
77820.1 191
77880.1 191
77940.1 191
78000.1 191
78060.1 191
78120.1 191
78180.1 191
78240.1 191
78300.1 191
78360.1 191
78420.1 191
78480.1 191
78540.1 191
78600.1 191
78660.1 191
78720.1 191
78780.1 191
78840.1 191
78900.1 191
78960.1 191
79020.1 191
79080.1 191
79140.1 191
79200.1 191
79260.1 191
79320.1 191
79380.1 191
79440.1 191
79500.1 191
79560.1 191
79620.1 191
79680.1 191
79740.1 191
79800.1 191
79860.1 191
79920.1 191
79980.1 191
80040.1 191
80100.1 191
80160.1 191
80220.1 191
80280.1 191
80340.1 191
80400.1 191
80460.1 191
80520.1 191
80580.1 191
80640.1 191
80700.1 191
80760.1 191
80820.1 191
80880.1 191
80940.1 191
81000.1 191
81060.1 191
81120.1 191
81180.1 191
81240.1 191
81300.1 191
81360.1 191
81420.1 191
81480.1 191
81540.1 191
81600.1 191
81660.1 191
81720.1 191
81780.1 191
81840.1 191
81900.1 191
81960.1 191
82020.1 191
82080.1 191
82140.1 191
82200.1 191
82260.1 191
82320.1 191
82380.1 191
82440.1 191
82500.1 191
82560.1 191
82620.1 191
82680.1 191
82740.1 191
82800.1 191
82860.1 191
82920.1 191
82980.1 191
83040.1 191
83100.1 191
83160.1 191
83220.1 191
83280.1 191
83340.1 191
83400.1 191
83460.1 191
83520.1 191
83580.1 191
83640.1 191
83700.1 191
83760.1 191
83820.1 191
83880.1 191
83940.1 191
84000.1 191
84060.1 191
84120.1 191
84180.1 191
84240.1 191
84300.1 191
84360.1 191
84420.1 191
84480.1 191
84540.1 191
84600.1 191
84660.1 191
84720.1 191
84780.1 191
84840.1 191
84900.1 191
84960.1 191
85020.1 191
85080.1 191
85140.1 191
85200.1 191
85260.1 191
85320.1 191
85380.1 191
85440.1 191
85500.1 191
85560.1 191
85620.1 191
85680.1 191
85740.1 191
85800.1 191
85860.1 191
85920.1 191
85980.1 191
86040.1 191
86100.1 191
86160.1 191
86220.1 191
86280.1 191
86340.1 191
