0.1 200
0.1 200
0.1 200
0.1 200
60.1 200
120.1 235
180.1 237
240.1 213
300.1 173
360.1 133
420.1 105
480.1 94
540.1 85
600.1 77
660.1 57
720.1 86
780.1 92
840.1 87
900.1 77
960.1 66
1020.1 97
1080.1 104
1140.1 89
1200.1 77
1260.1 74
1320.1 65
1380.1 88
1440.1 90
1500.1 77
1560.1 66
1620.1 96
1680.1 95
1740.1 88
1800.1 76
1860.1 69
1920.1 61
1980.1 89
2040.1 95
2100.1 81
2160.1 67
2220.1 97
2280.1 102
2340.1 93
2400.1 82
2460.1 73
2520.1 58
2580.1 89
2640.1 96
2700.1 86
2760.1 69
2820.1 107
2880.1 120
2940.1 102
3000.1 84
3060.1 77
3120.1 66
3180.1 99
3240.1 101
3300.1 97
3360.1 82
3420.1 74
3480.1 70
3540.1 63
3600.1 96
3660.1 95
3720.1 82
3780.1 78
3840.1 70
3900.1 63
3960.1 94
4020.1 101
4080.1 91
4140.1 75
4200.1 67
4260.1 63
4320.1 60
4380.1 89
4440.1 101
4500.1 97
4560.1 85
4620.1 78
4680.1 74
4740.1 65
4800.1 88
4860.1 90
4920.1 81
4980.1 78
5040.1 74
5100.1 69
5160.1 60
5220.1 98
5280.1 112
5340.1 114
5400.1 107
5460.1 92
5520.1 78
5580.1 72
5640.1 71
5700.1 62
5760.1 93
5820.1 105
5880.1 99
5940.1 88
6000.1 78
6060.1 67
6120.1 96
6180.1 96
6240.1 129
6300.1 140
6360.1 126
6420.1 103
6480.1 84
6540.1 63
6600.1 96
6660.1 104
6720.1 89
6780.1 79
6840.1 71
6900.1 61
6960.1 88
7020.1 87
7080.1 88
7140.1 73
7200.1 96
7260.1 93
7320.1 82
7380.1 68
7440.1 93
7500.1 94
7560.1 84
7620.1 70
7680.1 102
7740.1 101
7800.1 88
7860.1 77
7920.1 71
7980.1 71
8040.1 102
8100.1 112
8160.1 112
8220.1 142
8280.1 143
8340.1 130
8400.1 108
8460.1 87
8520.1 82
8580.1 71
8640.1 70
8700.1 67
8760.1 72
8820.1 64
8880.1 97
8940.1 112
9000.1 108
9060.1 90
9120.1 70
9180.1 98
9240.1 104
9300.1 94
9360.1 79
9420.1 76
9480.1 76
9540.1 110
9600.1 120
9660.1 115
9720.1 92
9780.1 69
9840.1 91
9900.1 95
9960.1 84
10020.1 74
10080.1 61
10140.1 92
10200.1 97
10260.1 98
10320.1 85
10380.1 82
10440.1 83
10500.1 64
10560.1 93
10620.1 96
10680.1 95
10740.1 81
10800.1 76
10860.1 78
10920.1 68
10980.1 103
11040.1 111
11100.1 97
11160.1 78
11220.1 74
11280.1 72
11340.1 67
11400.1 58
11460.1 88
11520.1 93
11580.1 82
11640.1 61
11700.1 91
11760.1 95
11820.1 83
11880.1 73
11940.1 65
12000.1 94
12060.1 98
12120.1 89
12180.1 80
12240.1 70
12300.1 65
12360.1 64
12420.1 67
12480.1 63
12540.1 58
12600.1 90
12660.1 92
12720.1 78
12780.1 70
12840.1 59
12900.1 94
12960.1 100
13020.1 94
13080.1 80
13140.1 76
13200.1 68
13260.1 64
13320.1 58
13380.1 87
13440.1 96
13500.1 83
13560.1 67
13620.1 98
13680.1 105
13740.1 105
13800.1 130
13860.1 129
13920.1 108
13980.1 92
14040.1 79
14100.1 69
14160.1 65
14220.1 68
14280.1 65
14340.1 56
14400.1 86
14460.1 99
14520.1 97
14580.1 94
14640.1 86
14700.1 70
14760.1 96
14820.1 93
14880.1 80
14940.1 57
15000.1 86
15060.1 91
15120.1 80
15180.1 74
15240.1 60
15300.1 86
15360.1 91
15420.1 86
15480.1 78
15540.1 67
15600.1 96
15660.1 100
15720.1 90
15780.1 81
15840.1 70
15900.1 63
15960.1 91
16020.1 96
16080.1 86
16140.1 77
16200.1 73
16260.1 64
16320.1 93
16380.1 98
16440.1 89
16500.1 79
16560.1 58
16620.1 94
16680.1 102
16740.1 85
16800.1 77
16860.1 64
16920.1 86
16980.1 76
17040.1 68
17100.1 69
17160.1 58
17220.1 89
17280.1 96
17340.1 98
17400.1 83
17460.1 69
17520.1 104
17580.1 112
17640.1 112
17700.1 145
17760.1 155
17820.1 141
17880.1 123
17940.1 101
18000.1 89
18060.1 75
18120.1 69
18180.1 61
18240.1 87
18300.1 87
18360.1 112
18420.1 108
18480.1 96
18540.1 87
18600.1 72
18660.1 103
18720.1 105
18780.1 88
18840.1 79
18900.1 65
18960.1 96
19020.1 105
19080.1 94
19140.1 86
19200.1 78
19260.1 66
19320.1 95
19380.1 97
19440.1 86
19500.1 77
19560.1 71
19620.1 67
19680.1 59
19740.1 92
19800.1 98
19860.1 83
19920.1 72
19980.1 67
20040.1 62
20100.1 90
20160.1 95
20220.1 88
20280.1 72
20340.1 99
20400.1 99
20460.1 128
20520.1 129
20580.1 109
20640.1 86
20700.1 78
20760.1 64
20820.1 98
20880.1 110
20940.1 101
21000.1 89
21060.1 70
21120.1 98
21180.1 103
21240.1 97
21300.1 91
21360.1 76
21420.1 62
21480.1 89
21540.1 88
21600.1 78
21660.1 68
21720.1 106
21780.1 111
21840.1 98
21900.1 84
21960.1 69
22020.1 102
22080.1 102
22140.1 125
22200.1 128
22260.1 109
22320.1 82
22380.1 117
22440.1 127
22500.1 113
22560.1 98
22620.1 86
22680.1 76
22740.1 79
22800.1 71
22860.1 65
22920.1 71
22980.1 71
23040.1 97
23100.1 98
23160.1 94
23220.1 82
23280.1 62
23340.1 86
23400.1 87
23460.1 77
23520.1 62
23580.1 97
23640.1 113
23700.1 107
23760.1 92
23820.1 78
23880.1 75
23940.1 69
24000.1 69
24060.1 95
24120.1 94
24180.1 78
24240.1 67
24300.1 102
24360.1 116
24420.1 110
24480.1 99
24540.1 92
24600.1 73
24660.1 102
24720.1 107
24780.1 106
24840.1 87
24900.1 62
24960.1 86
25020.1 90
25080.1 87
25140.1 80
25200.1 63
25260.1 100
25320.1 108
25380.1 97
25440.1 95
25500.1 84
25560.1 74
25620.1 61
25680.1 89
25740.1 91
25800.1 79
25860.1 62
25920.1 87
25980.1 88
26040.1 85
26100.1 78
26160.1 66
26220.1 97
26280.1 104
26340.1 94
26400.1 80
26460.1 69
26520.1 98
26580.1 102
26640.1 89
26700.1 70
26760.1 101
26820.1 109
26880.1 102
26940.1 92
27000.1 87
27060.1 68
27120.1 106
27180.1 116
27240.1 105
27300.1 85
27360.1 64
27420.1 88
27480.1 88
27540.1 116
27600.1 115
27660.1 99
27720.1 80
27780.1 63
27840.1 97
27900.1 101
27960.1 92
28020.1 63
28080.1 93
28140.1 96
28200.1 87
28260.1 82
28320.1 70
28380.1 100
28440.1 104
28500.1 92
28560.1 85
28620.1 75
28680.1 68
28740.1 64
28800.1 65
28860.1 67
28920.1 56
28980.1 90
29040.1 95
29100.1 87
29160.1 75
29220.1 63
29280.1 94
29340.1 91
29400.1 82
29460.1 72
29520.1 69
29580.1 65
29640.1 59
29700.1 82
29760.1 84
29820.1 78
29880.1 70
29940.1 67
30000.1 63
30060.1 66
30120.1 70
30180.1 60
30240.1 87
30300.1 86
30360.1 84
30420.1 78
30480.1 66
30540.1 94
30600.1 99
30660.1 90
30720.1 78
30780.1 74
30840.1 65
30900.1 95
30960.1 106
31020.1 101
31080.1 84
31140.1 73
31200.1 66
31260.1 64
31320.1 64
31380.1 99
31440.1 108
31500.1 96
31560.1 86
31620.1 74
31680.1 69
31740.1 63
31800.1 94
31860.1 104
31920.1 99
31980.1 83
32040.1 74
32100.1 60
32160.1 87
32220.1 92
32280.1 79
32340.1 62
32400.1 87
32460.1 92
32520.1 85
32580.1 78
32640.1 66
32700.1 91
32760.1 101
32820.1 95
32880.1 79
32940.1 78
33000.1 72
33060.1 69
33120.1 69
33180.1 102
33240.1 110
33300.1 94
33360.1 77
33420.1 74
33480.1 72
33540.1 67
33600.1 66
33660.1 70
33720.1 72
33780.1 68
33840.1 61
33900.1 99
33960.1 116
34020.1 107
34080.1 103
34140.1 89
34200.1 72
34260.1 96
34320.1 98
34380.1 92
34440.1 78
34500.1 71
34560.1 66
34620.1 68
34680.1 75
34740.1 77
34800.1 75
34860.1 66
34920.1 105
34980.1 115
35040.1 101
35100.1 83
35160.1 77
35220.1 63
35280.1 94
35340.1 103
35400.1 102
35460.1 92
35520.1 92
35580.1 117
35640.1 118
35700.1 97
35760.1 73
35820.1 106
35880.1 116
35940.1 113
