60.1 500
120.1 504
180.1 516
240.1 524
300.1 512
360.1 508
420.1 484
480.1 464
540.1 448
600.1 436
660.1 424
720.1 424
780.1 408
840.1 424
900.1 440
960.1 420
1020.1 444
1080.1 456
1140.1 464
1200.1 484
1260.1 480
1320.1 504
1380.1 492
1440.1 484
1500.1 476
1560.1 484
1620.1 452
1680.1 436
1740.1 424
1800.1 396
1860.1 416
1920.1 436
1980.1 440
2040.1 456
2100.1 456
2160.1 472
2220.1 460
2280.1 436
2340.1 432
2400.1 432
2460.1 408
2520.1 440
2580.1 468
2640.1 448
2700.1 472
2760.1 464
2820.1 472
2880.1 472
2940.1 460
3000.1 464
3060.1 464
3120.1 456
3180.1 456
3240.1 452
3300.1 440
3360.1 416
3420.1 420
3480.1 396
3540.1 384
3600.1 392
3660.1 428
3720.1 404
3780.1 412
3840.1 432
3900.1 448
3960.1 440
4020.1 400
4080.1 420
4140.1 400
4200.1 392
4260.1 408
4320.1 384
4380.1 368
4440.1 356
4500.1 364
4560.1 340
4620.1 352
4680.1 348
4740.1 352
4800.1 332
4860.1 348
4920.1 340
4980.1 328
5040.1 348
5100.1 344
5160.1 340
5220.1 360
5280.1 364
5340.1 364
5400.1 352
5460.1 328
5520.1 328
5580.1 340
5640.1 320
5700.1 328
5760.1 320
5820.1 320
5880.1 308
5940.1 288
6000.1 272
6060.1 296
6120.1 276
6180.1 268
6240.1 264
6300.1 260
6360.1 244
6420.1 244
6480.1 276
6540.1 276
6600.1 268
6660.1 260
6720.1 272
6780.1 272
6840.1 276
6900.1 292
6960.1 280
7020.1 280
7080.1 296
7140.1 296
7200.1 284
7260.1 312
7320.1 320
7380.1 344
7440.1 344
7500.1 360
7560.1 388
7620.1 412
7680.1 412
7740.1 412
7800.1 412
7860.1 400
7920.1 412
7980.1 428
8040.1 424
8100.1 452
8160.1 464
8220.1 480
8280.1 500
8340.1 516
8400.1 508
8460.1 532
8520.1 568
8580.1 576
8640.1 552
8700.1 564
8760.1 548
8820.1 544
8880.1 544
8940.1 528
9000.1 540
9060.1 524
9120.1 524
9180.1 548
9240.1 528
9300.1 536
9360.1 552
9420.1 560
9480.1 536
9540.1 528
9600.1 540
9660.1 532
9720.1 520
9780.1 496
9840.1 488
9900.1 484
9960.1 480
10020.1 468
10080.1 452
10140.1 456
10200.1 480
10260.1 468
10320.1 480
10380.1 484
10440.1 480
10500.1 496
10560.1 480
10620.1 472
10680.1 456
10740.1 448
10800.1 464
10860.1 484
10920.1 492
10980.1 472
11040.1 476
11100.1 496
11160.1 512
11220.1 528
11280.1 524
11340.1 516
11400.1 504
11460.1 496
11520.1 484
11580.1 484
11640.1 480
11700.1 492
11760.1 480
11820.1 460
11880.1 468
11940.1 484
12000.1 496
12060.1 496
12120.1 488
12180.1 480
12240.1 468
12300.1 480
12360.1 468
12420.1 472
12480.1 480
12540.1 472
12600.1 492
12660.1 480
12720.1 500
12780.1 496
12840.1 508
12900.1 516
12960.1 532
13020.1 524
13080.1 540
13140.1 516
13200.1 508
13260.1 504
13320.1 524
13380.1 524
13440.1 508
13500.1 512
13560.1 496
13620.1 516
13680.1 544
13740.1 540
13800.1 544
13860.1 540
13920.1 564
13980.1 536
14040.1 520
14100.1 528
14160.1 508
14220.1 508
14280.1 528
14340.1 528
14400.1 528
14460.1 540
14520.1 528
14580.1 524
14640.1 516
14700.1 536
14760.1 544
14820.1 548
14880.1 540
14940.1 560
15000.1 596
15060.1 604
15120.1 624
15180.1 600
15240.1 596
15300.1 584
15360.1 612
15420.1 600
15480.1 584
15540.1 604
15600.1 572
15660.1 588
15720.1 588
15780.1 572
15840.1 552
15900.1 576
15960.1 584
16020.1 572
16080.1 564
16140.1 552
16200.1 560
16260.1 576
16320.1 576
16380.1 580
16440.1 564
16500.1 584
16560.1 588
16620.1 576
16680.1 600
16740.1 588
16800.1 596
16860.1 596
16920.1 584
16980.1 592
17040.1 572
17100.1 536
17160.1 560
17220.1 548
17280.1 544
17340.1 556
17400.1 552
17460.1 544
17520.1 564
17580.1 568
17640.1 544
17700.1 540
17760.1 556
17820.1 580
17880.1 608
17940.1 592
18000.1 560
18060.1 576
18120.1 600
18180.1 608
18240.1 592
18300.1 584
18360.1 588
18420.1 592
18480.1 628
18540.1 644
18600.1 652
18660.1 668
18720.1 672
18780.1 648
18840.1 656
18900.1 676
18960.1 680
19020.1 668
19080.1 676
19140.1 708
19200.1 712
19260.1 700
19320.1 700
19380.1 720
19440.1 712
19500.1 716
19560.1 692
19620.1 708
19680.1 700
19740.1 692
19800.1 712
19860.1 708
19920.1 732
19980.1 756
20040.1 748
20100.1 756
20160.1 732
20220.1 724
20280.1 712
20340.1 696
20400.1 696
20460.1 696
20520.1 708
20580.1 716
20640.1 692
20700.1 700
20760.1 712
20820.1 740
20880.1 740
20940.1 720
21000.1 732
21060.1 728
21120.1 736
21180.1 704
21240.1 716
21300.1 704
21360.1 716
21420.1 724
21480.1 720
21540.1 724
21600.1 704
21660.1 688
21720.1 700
21780.1 716
21840.1 728
21900.1 728
21960.1 720
22020.1 712
22080.1 712
22140.1 712
22200.1 712
22260.1 724
22320.1 732
22380.1 700
22440.1 676
22500.1 676
22560.1 652
22620.1 644
22680.1 684
22740.1 700
22800.1 708
22860.1 704
22920.1 696
22980.1 676
23040.1 660
23100.1 640
23160.1 652
23220.1 648
23280.1 652
23340.1 664
23400.1 656
23460.1 640
23520.1 644
23580.1 644
23640.1 632
23700.1 624
23760.1 604
23820.1 636
23880.1 664
23940.1 672
24000.1 660
24060.1 656
24120.1 656
24180.1 672
24240.1 688
24300.1 684
24360.1 692
24420.1 704
24480.1 740
24540.1 732
24600.1 744
24660.1 764
24720.1 800
24780.1 820
24840.1 824
24900.1 832
24960.1 832
25020.1 864
25080.1 864
25140.1 852
25200.1 860
25260.1 852
25320.1 872
25380.1 864
25440.1 880
25500.1 888
25560.1 876
25620.1 900
25680.1 896
25740.1 884
25800.1 880
25860.1 896
25920.1 892
25980.1 880
26040.1 876
26100.1 876
26160.1 884
26220.1 880
26280.1 864
26340.1 896
26400.1 892
26460.1 888
26520.1 892
26580.1 908
26640.1 904
26700.1 912
26760.1 900
26820.1 864
26880.1 836
26940.1 836
27000.1 828
27060.1 800
27120.1 788
27180.1 768
27240.1 752
27300.1 728
27360.1 724
27420.1 704
27480.1 688
27540.1 696
27600.1 688
27660.1 696
27720.1 684
27780.1 688
27840.1 688
27900.1 680
27960.1 716
28020.1 708
28080.1 696
28140.1 720
28200.1 724
28260.1 712
28320.1 716
28380.1 728
28440.1 728
28500.1 724
28560.1 732
28620.1 736
28680.1 756
28740.1 756
28800.1 764
28860.1 788
28920.1 796
28980.1 816
29040.1 836
29100.1 820
29160.1 804
29220.1 824
29280.1 820
29340.1 800
29400.1 788
29460.1 804
29520.1 844
29580.1 840
29640.1 840
29700.1 820
29760.1 828
29820.1 820
29880.1 804
29940.1 776
30000.1 784
30060.1 764
30120.1 796
30180.1 796
30240.1 784
30300.1 772
30360.1 788
30420.1 764
30480.1 732
30540.1 728
30600.1 728
30660.1 728
30720.1 716
30780.1 688
30840.1 676
30900.1 684
30960.1 672
31020.1 660
31080.1 664
31140.1 664
31200.1 644
31260.1 632
31320.1 652
31380.1 620
31440.1 604
31500.1 612
31560.1 608
31620.1 616
31680.1 612
31740.1 620
31800.1 640
31860.1 624
31920.1 636
31980.1 628
32040.1 616
32100.1 608
32160.1 624
32220.1 604
32280.1 572
32340.1 572
32400.1 572
32460.1 572
32520.1 592
32580.1 592
32640.1 588
32700.1 580
32760.1 588
32820.1 576
32880.1 588
32940.1 600
33000.1 600
33060.1 596
33120.1 596
33180.1 572
33240.1 556
33300.1 556
33360.1 576
33420.1 576
33480.1 584
33540.1 572
33600.1 592
33660.1 612
33720.1 616
33780.1 604
33840.1 620
33900.1 588
33960.1 588
34020.1 596
34080.1 592
34140.1 592
34200.1 592
34260.1 604
34320.1 604
34380.1 584
34440.1 572
34500.1 604
34560.1 588
34620.1 620
34680.1 612
34740.1 620
34800.1 628
34860.1 648
34920.1 652
34980.1 624
35040.1 624
35100.1 624
35160.1 588
35220.1 612
35280.1 608
35340.1 608
35400.1 600
35460.1 576
35520.1 552
35580.1 568
35640.1 536
35700.1 524
35760.1 524
35820.1 512
35880.1 492
35940.1 488
36000.1 516
36060.1 516
36120.1 524
36180.1 512
36240.1 504
36300.1 484
36360.1 484
36420.1 480
36480.1 476
36540.1 456
36600.1 456
36660.1 452
36720.1 432
36780.1 436
36840.1 444
36900.1 432
36960.1 460
37020.1 472
37080.1 496
37140.1 496
37200.1 504
37260.1 512
37320.1 548
37380.1 548
37440.1 556
37500.1 548
37560.1 556
37620.1 576
37680.1 564
37740.1 556
37800.1 572
37860.1 588
37920.1 588
37980.1 616
38040.1 592
38100.1 580
38160.1 572
38220.1 580
38280.1 596
38340.1 616
38400.1 616
38460.1 632
38520.1 632
38580.1 636
38640.1 628
38700.1 616
38760.1 624
38820.1 604
38880.1 620
38940.1 588
39000.1 576
39060.1 584
39120.1 600
39180.1 592
39240.1 600
39300.1 592
39360.1 592
39420.1 600
39480.1 596
39540.1 592
39600.1 616
39660.1 600
39720.1 620
39780.1 644
39840.1 644
39900.1 628
39960.1 644
40020.1 672
40080.1 660
40140.1 712
40200.1 712
40260.1 708
40320.1 724
40380.1 712
40440.1 704
40500.1 740
40560.1 752
40620.1 748
40680.1 740
40740.1 748
40800.1 768
40860.1 776
40920.1 784
40980.1 772
41040.1 772
41100.1 780
41160.1 784
41220.1 792
41280.1 784
41340.1 772
41400.1 792
41460.1 800
41520.1 772
41580.1 760
41640.1 792
41700.1 780
41760.1 804
41820.1 812
41880.1 828
41940.1 832
42000.1 804
42060.1 804
42120.1 800
42180.1 804
42240.1 796
42300.1 792
42360.1 808
42420.1 788
42480.1 792
42540.1 808
42600.1 812
42660.1 812
42720.1 804
42780.1 788
42840.1 772
42900.1 796
42960.1 768
43020.1 744
43080.1 748
43140.1 756
43200.1 756
43260.1 732
43320.1 724
43380.1 720
