60.1 11000
120.1 10800
180.1 10860
240.1 11040
300.1 11100
360.1 11260
420.1 11280
480.1 11220
540.1 11180
600.1 11180
660.1 11140
720.1 11340
780.1 11260
840.1 11340
900.1 11340
960.1 11340
1020.1 11320
1080.1 11240
1140.1 11240
1200.1 11140
1260.1 11120
1320.1 11100
1380.1 10960
1440.1 10960
1500.1 10980
1560.1 11040
1620.1 11060
1680.1 11120
1740.1 11020
1800.1 11060
1860.1 11020
1920.1 10940
1980.1 10880
2040.1 10880
2100.1 10920
2160.1 10920
2220.1 10820
2280.1 10760
2340.1 10740
2400.1 10660
2460.1 10640
2520.1 10540
2580.1 10560
2640.1 10700
2700.1 10720
2760.1 10560
2820.1 10500
2880.1 10360
2940.1 10380
3000.1 10420
3060.1 10360
3120.1 10360
3180.1 10340
3240.1 10420
3300.1 10540
3360.1 10620
3420.1 10680
3480.1 10600
3540.1 10740
3600.1 10620
3660.1 10540
3720.1 10560
3780.1 10560
3840.1 10440
3900.1 10460
3960.1 10500
4020.1 10540
4080.1 10600
4140.1 10640
4200.1 10540
4260.1 10600
4320.1 10680
4380.1 10680
4440.1 10760
4500.1 10780
4560.1 10800
4620.1 10840
4680.1 10780
4740.1 10740
4800.1 10660
4860.1 10640
4920.1 10580
4980.1 10600
5040.1 10620
5100.1 10600
5160.1 10620
5220.1 10620
5280.1 10600
5340.1 10680
5400.1 10580
5460.1 10520
5520.1 10520
5580.1 10640
5640.1 10680
5700.1 10660
5760.1 10700
5820.1 10700
5880.1 10840
5940.1 10840
6000.1 10860
6060.1 10940
6120.1 10780
6180.1 10900
6240.1 10820
6300.1 10680
6360.1 10720
6420.1 10740
6480.1 10800
6540.1 10680
6600.1 10780
6660.1 10760
6720.1 10680
6780.1 10660
6840.1 10600
6900.1 10620
6960.1 10620
7020.1 10760
7080.1 10820
7140.1 10800
7200.1 10760
7260.1 10740
7320.1 10740
7380.1 10740
7440.1 10680
7500.1 10840
7560.1 10800
7620.1 10740
7680.1 10680
7740.1 10700
7800.1 10640
7860.1 10760
7920.1 10720
7980.1 10760
8040.1 10780
8100.1 10800
8160.1 10860
8220.1 11020
8280.1 11080
8340.1 11120
8400.1 11040
8460.1 11060
8520.1 10980
8580.1 11020
8640.1 10940
8700.1 10940
8760.1 10940
8820.1 10880
8880.1 11080
8940.1 11020
9000.1 11060
9060.1 11240
9120.1 11280
9180.1 11280
9240.1 11360
9300.1 11380
9360.1 11420
9420.1 11480
9480.1 11560
9540.1 11600
9600.1 11580
9660.1 11620
9720.1 11620
9780.1 11680
9840.1 11640
9900.1 11680
9960.1 11600
10020.1 11540
10080.1 11760
10140.1 11700
10200.1 11780
10260.1 11700
10320.1 11820
10380.1 11920
10440.1 11940
10500.1 11940
10560.1 11940
10620.1 11880
10680.1 11880
10740.1 11840
10800.1 11700
10860.1 11700
10920.1 11580
10980.1 11580
11040.1 11700
11100.1 11660
11160.1 11660
11220.1 11680
11280.1 11640
11340.1 11700
11400.1 11720
11460.1 11720
11520.1 11640
11580.1 11780
11640.1 11660
11700.1 11560
11760.1 11600
11820.1 11500
11880.1 11560
11940.1 11640
12000.1 11640
12060.1 11720
12120.1 11720
12180.1 11740
12240.1 11660
12300.1 11580
12360.1 11520
12420.1 11480
12480.1 11320
12540.1 11260
12600.1 11300
12660.1 11280
12720.1 11180
12780.1 11120
12840.1 11240
12900.1 11100
12960.1 11100
13020.1 11180
13080.1 11180
13140.1 11200
13200.1 11180
13260.1 10960
13320.1 11120
13380.1 11040
13440.1 11020
13500.1 10880
13560.1 10780
13620.1 10740
13680.1 10740
13740.1 10720
13800.1 10580
13860.1 10660
13920.1 10580
13980.1 10580
14040.1 10500
14100.1 10580
14160.1 10500
14220.1 10560
14280.1 10620
14340.1 10740
14400.1 10820
14460.1 10840
14520.1 10780
14580.1 10800
14640.1 10660
14700.1 10700
14760.1 10640
14820.1 10600
14880.1 10500
14940.1 10640
15000.1 10600
15060.1 10560
15120.1 10580
15180.1 10500
15240.1 10640
15300.1 10640
15360.1 10580
15420.1 10700
15480.1 10740
15540.1 10780
15600.1 10680
15660.1 10740
15720.1 10580
15780.1 10620
15840.1 10720
15900.1 10580
15960.1 10640
16020.1 10660
16080.1 10540
16140.1 10580
16200.1 10700
16260.1 10720
16320.1 10620
16380.1 10540
16440.1 10580
16500.1 10540
16560.1 10580
16620.1 10540
16680.1 10540
16740.1 10460
16800.1 10480
16860.1 10520
16920.1 10440
16980.1 10480
17040.1 10340
17100.1 10140
17160.1 10160
17220.1 10160
17280.1 10040
17340.1 10120
17400.1 10080
17460.1 10020
17520.1 10000
17580.1 10000
17640.1 9960
17700.1 10040
17760.1 10100
17820.1 10260
17880.1 10320
17940.1 10160
18000.1 10180
18060.1 10180
18120.1 10080
18180.1 10060
18240.1 10060
18300.1 10040
18360.1 10120
18420.1 10200
18480.1 10240
18540.1 10140
18600.1 10020
18660.1 10060
18720.1 9980
18780.1 9960
18840.1 9980
18900.1 9920
18960.1 9800
19020.1 9940
19080.1 9880
19140.1 9980
19200.1 9960
19260.1 9980
19320.1 10020
19380.1 10080
19440.1 10080
19500.1 10080
19560.1 9980
19620.1 10040
19680.1 10000
19740.1 10000
19800.1 10060
19860.1 10080
19920.1 10120
19980.1 10080
20040.1 10040
20100.1 10180
20160.1 10260
20220.1 10200
20280.1 10000
20340.1 10020
20400.1 10020
20460.1 10060
20520.1 9940
20580.1 9860
20640.1 9840
20700.1 9760
20760.1 9640
20820.1 9760
20880.1 9660
20940.1 9660
21000.1 9660
21060.1 9560
21120.1 9480
21180.1 9480
21240.1 9520
21300.1 9620
21360.1 9480
21420.1 9460
21480.1 9360
21540.1 9420
21600.1 9460
21660.1 9480
21720.1 9520
21780.1 9460
21840.1 9440
21900.1 9500
21960.1 9520
22020.1 9560
22080.1 9440
22140.1 9460
22200.1 9320
22260.1 9260
22320.1 9280
22380.1 9220
22440.1 9200
22500.1 9340
22560.1 9240
22620.1 9220
22680.1 9300
22740.1 9120
22800.1 9140
22860.1 9160
22920.1 9120
22980.1 9100
23040.1 9060
23100.1 8960
23160.1 8800
23220.1 8880
23280.1 8900
23340.1 8840
23400.1 8800
23460.1 8820
23520.1 8780
23580.1 8720
23640.1 8760
23700.1 8860
23760.1 8900
23820.1 9000
23880.1 8940
23940.1 8840
24000.1 8720
24060.1 8800
24120.1 8900
24180.1 8920
24240.1 8960
24300.1 8920
24360.1 8720
24420.1 8620
24480.1 8640
24540.1 8560
24600.1 8500
24660.1 8560
24720.1 8580
24780.1 8600
24840.1 8560
24900.1 8600
24960.1 8420
25020.1 8540
25080.1 8540
25140.1 8580
25200.1 8640
25260.1 8500
25320.1 8440
25380.1 8380
25440.1 8400
25500.1 8280
25560.1 8400
25620.1 8440
25680.1 8460
25740.1 8520
25800.1 8620
25860.1 8660
25920.1 8640
25980.1 8620
26040.1 8660
26100.1 8620
26160.1 8620
26220.1 8600
26280.1 8560
26340.1 8680
26400.1 8760
26460.1 8800
26520.1 8880
26580.1 8900
26640.1 9020
26700.1 8920
26760.1 8840
26820.1 8840
26880.1 8720
26940.1 8700
27000.1 8560
27060.1 8540
27120.1 8480
27180.1 8420
27240.1 8500
27300.1 8560
27360.1 8480
27420.1 8460
27480.1 8460
27540.1 8480
27600.1 8500
27660.1 8400
27720.1 8360
27780.1 8300
27840.1 8320
27900.1 8200
27960.1 8300
28020.1 8260
28080.1 8180
28140.1 8280
28200.1 8180
28260.1 8140
28320.1 8180
28380.1 8120
28440.1 8180
28500.1 8200
28560.1 8180
28620.1 8160
28680.1 8080
28740.1 8040
28800.1 7940
28860.1 7980
28920.1 7800
28980.1 7800
29040.1 7860
29100.1 7840
29160.1 7680
29220.1 7620
29280.1 7580
29340.1 7600
29400.1 7440
29460.1 7520
29520.1 7580
29580.1 7740
29640.1 7720
29700.1 7820
29760.1 7840
29820.1 7880
29880.1 7940
29940.1 7860
30000.1 7840
30060.1 7860
30120.1 7760
30180.1 7920
30240.1 7860
30300.1 7800
30360.1 7840
30420.1 7880
30480.1 7900
30540.1 7900
30600.1 7960
30660.1 8040
30720.1 7940
30780.1 8060
30840.1 8080
30900.1 8180
30960.1 8220
31020.1 8280
31080.1 8300
31140.1 8260
31200.1 8320
31260.1 8320
31320.1 8180
31380.1 8140
31440.1 8080
31500.1 8080
31560.1 8080
31620.1 8200
31680.1 8260
31740.1 8180
31800.1 8300
31860.1 8360
31920.1 8400
31980.1 8360
32040.1 8420
32100.1 8400
32160.1 8440
32220.1 8480
32280.1 8540
32340.1 8540
32400.1 8420
32460.1 8440
32520.1 8440
32580.1 8340
32640.1 8380
32700.1 8420
32760.1 8460
32820.1 8440
32880.1 8500
32940.1 8640
33000.1 8640
33060.1 8620
33120.1 8700
33180.1 8740
33240.1 8780
33300.1 8880
33360.1 8760
33420.1 8760
33480.1 8720
33540.1 8660
33600.1 8580
33660.1 8480
33720.1 8460
33780.1 8440
33840.1 8500
33900.1 8520
33960.1 8620
34020.1 8560
34080.1 8620
34140.1 8640
34200.1 8760
34260.1 8860
34320.1 8860
34380.1 8840
34440.1 8860
34500.1 8860
34560.1 8880
34620.1 8880
34680.1 8940
34740.1 8920
34800.1 8940
34860.1 8820
34920.1 8720
34980.1 8800
35040.1 8720
35100.1 8860
35160.1 8980
35220.1 8880
35280.1 8920
35340.1 8920
35400.1 8980
35460.1 9020
35520.1 9120
35580.1 9140
35640.1 9260
35700.1 9220
35760.1 9280
35820.1 9320
35880.1 9380
35940.1 9360
36000.1 9520
36060.1 9460
36120.1 9420
36180.1 9420
36240.1 9340
36300.1 9320
36360.1 9260
36420.1 9200
36480.1 9160
36540.1 9200
36600.1 9160
36660.1 9180
36720.1 9140
36780.1 9280
36840.1 9280
36900.1 9280
36960.1 9100
37020.1 9140
37080.1 9260
37140.1 9200
37200.1 9140
37260.1 9140
37320.1 9240
37380.1 9120
37440.1 9140
37500.1 9220
37560.1 9300
37620.1 9280
37680.1 9400
37740.1 9400
37800.1 9340
37860.1 9360
37920.1 9260
37980.1 9240
38040.1 9260
38100.1 9160
38160.1 9040
38220.1 9120
38280.1 9120
38340.1 9100
38400.1 8980
38460.1 8960
38520.1 8920
38580.1 8940
38640.1 9000
38700.1 8940
38760.1 8920
38820.1 8880
38880.1 8880
38940.1 9020
39000.1 9020
39060.1 8980
39120.1 9120
39180.1 9000
39240.1 9060
39300.1 8980
39360.1 8860
39420.1 8980
39480.1 8940
39540.1 8900
39600.1 8920
39660.1 8880
39720.1 8880
39780.1 8920
39840.1 8900
39900.1 8800
39960.1 8760
40020.1 8800
40080.1 8820
40140.1 8860
40200.1 8860
40260.1 8880
40320.1 8800
40380.1 8840
40440.1 8780
40500.1 8700
40560.1 8560
40620.1 8540
40680.1 8460
40740.1 8260
40800.1 8120
40860.1 8040
40920.1 8080
40980.1 8080
41040.1 8100
41100.1 8040
41160.1 8140
41220.1 8080
41280.1 8080
41340.1 8160
41400.1 8120
41460.1 8080
41520.1 8100
41580.1 8040
41640.1 8040
41700.1 8040
41760.1 8060
41820.1 8020
41880.1 8040
41940.1 8020
42000.1 8040
42060.1 8040
42120.1 7960
42180.1 7760
42240.1 7720
42300.1 7620
42360.1 7580
42420.1 7640
42480.1 7680
42540.1 7640
42600.1 7600
42660.1 7620
42720.1 7760
42780.1 7680
42840.1 7580
42900.1 7560
42960.1 7600
43020.1 7520
43080.1 7520
43140.1 7520
43200.1 7460
43260.1 7520
43320.1 7480
43380.1 7360
