0.1 200
0.1 200
0.1 200
0.1 200
60.1 200
120.1 225
180.1 222
240.1 196
300.1 167
360.1 127
420.1 98
480.1 78
540.1 100
600.1 99
660.1 91
720.1 69
780.1 101
840.1 112
900.1 103
960.1 96
1020.1 91
1080.1 81
1140.1 69
1200.1 100
1260.1 106
1320.1 91
1380.1 77
1440.1 67
1500.1 100
1560.1 107
1620.1 98
1680.1 83
1740.1 62
1800.1 93
1860.1 105
1920.1 95
1980.1 89
2040.1 80
2100.1 68
2160.1 106
2220.1 120
2280.1 109
2340.1 89
2400.1 66
2460.1 100
2520.1 115
2580.1 109
2640.1 93
2700.1 77
2760.1 74
2820.1 72
2880.1 68
2940.1 57
3000.1 87
3060.1 86
3120.1 76
3180.1 73
3240.1 64
3300.1 100
3360.1 110
3420.1 107
3480.1 95
3540.1 70
3600.1 98
3660.1 93
3720.1 79
3780.1 77
3840.1 72
3900.1 64
3960.1 93
4020.1 102
4080.1 97
4140.1 82
4200.1 71
4260.1 72
4320.1 65
4380.1 95
4440.1 104
4500.1 96
4560.1 78
4620.1 75
4680.1 64
4740.1 100
4800.1 109
4860.1 100
4920.1 90
4980.1 74
5040.1 110
5100.1 123
5160.1 115
5220.1 97
5280.1 85
5340.1 74
5400.1 69
5460.1 62
5520.1 89
5580.1 93
5640.1 87
5700.1 74
5760.1 60
5820.1 92
5880.1 97
5940.1 84
6000.1 74
6060.1 67
6120.1 66
6180.1 59
6240.1 92
6300.1 101
6360.1 95
6420.1 85
6480.1 72
6540.1 70
6600.1 64
6660.1 97
6720.1 113
6780.1 109
6840.1 96
6900.1 81
6960.1 73
7020.1 67
7080.1 62
7140.1 90
7200.1 101
7260.1 90
7320.1 75
7380.1 62
7440.1 92
7500.1 100
7560.1 89
7620.1 76
7680.1 62
7740.1 88
7800.1 81
7860.1 69
7920.1 91
7980.1 93
8040.1 83
8100.1 76
8160.1 66
8220.1 97
8280.1 104
8340.1 88
8400.1 73
8460.1 103
8520.1 108
8580.1 94
8640.1 80
8700.1 67
8760.1 96
8820.1 103
8880.1 89
8940.1 82
9000.1 67
9060.1 96
9120.1 99
9180.1 87
9240.1 62
9300.1 86
9360.1 82
9420.1 67
9480.1 99
9540.1 102
9600.1 100
9660.1 92
9720.1 76
9780.1 71
9840.1 70
9900.1 70
9960.1 92
10020.1 87
10080.1 74
10140.1 72
10200.1 72
10260.1 98
10320.1 103
10380.1 98
10440.1 83
10500.1 73
10560.1 69
10620.1 68
10680.1 64
10740.1 60
10800.1 90
10860.1 95
10920.1 86
10980.1 71
11040.1 102
11100.1 103
11160.1 85
11220.1 72
11280.1 67
11340.1 74
11400.1 61
11460.1 92
11520.1 101
11580.1 88
11640.1 75
11700.1 66
11760.1 95
11820.1 99
11880.1 87
11940.1 71
12000.1 106
12060.1 118
12120.1 112
12180.1 97
12240.1 78
12300.1 67
12360.1 101
12420.1 108
12480.1 95
12540.1 80
12600.1 69
12660.1 101
12720.1 116
12780.1 111
12840.1 93
12900.1 82
12960.1 70
13020.1 100
13080.1 104
13140.1 83
13200.1 77
13260.1 74
13320.1 64
13380.1 94
13440.1 100
13500.1 96
13560.1 87
13620.1 74
13680.1 61
13740.1 87
13800.1 90
13860.1 85
13920.1 75
13980.1 63
14040.1 90
14100.1 85
14160.1 78
14220.1 71
14280.1 64
14340.1 91
14400.1 91
14460.1 125
14520.1 129
14580.1 108
14640.1 88
14700.1 75
14760.1 66
14820.1 97
14880.1 106
14940.1 97
15000.1 89
15060.1 81
15120.1 64
15180.1 90
15240.1 86
15300.1 73
15360.1 63
15420.1 89
15480.1 90
15540.1 83
15600.1 76
15660.1 77
15720.1 75
15780.1 67
15840.1 64
15900.1 67
15960.1 59
16020.1 88
16080.1 85
16140.1 69
16200.1 100
16260.1 105
16320.1 92
16380.1 83
16440.1 74
16500.1 70
16560.1 70
16620.1 104
16680.1 116
16740.1 108
16800.1 90
16860.1 72
16920.1 107
16980.1 122
17040.1 131
17100.1 125
17160.1 103
17220.1 84
17280.1 81
17340.1 71
17400.1 60
17460.1 93
17520.1 98
17580.1 84
17640.1 70
17700.1 96
17760.1 94
17820.1 86
17880.1 72
17940.1 101
18000.1 101
18060.1 126
18120.1 134
18180.1 125
18240.1 99
18300.1 82
18360.1 74
18420.1 63
18480.1 89
18540.1 94
18600.1 85
18660.1 73
18720.1 70
18780.1 70
18840.1 103
18900.1 109
18960.1 100
19020.1 87
19080.1 79
19140.1 79
19200.1 104
19260.1 108
19320.1 96
19380.1 80
19440.1 68
19500.1 95
19560.1 98
19620.1 87
19680.1 73
19740.1 61
19800.1 90
19860.1 100
19920.1 103
19980.1 90
20040.1 72
20100.1 106
20160.1 113
20220.1 107
20280.1 96
20340.1 77
20400.1 111
20460.1 117
20520.1 106
20580.1 91
20640.1 79
20700.1 68
20760.1 103
20820.1 113
20880.1 107
20940.1 90
21000.1 66
21060.1 95
21120.1 100
21180.1 97
21240.1 87
21300.1 77
21360.1 74
21420.1 74
21480.1 105
21540.1 106
21600.1 96
21660.1 76
21720.1 108
21780.1 115
21840.1 100
21900.1 82
21960.1 75
22020.1 56
22080.1 87
22140.1 91
22200.1 79
22260.1 72
22320.1 59
22380.1 84
22440.1 84
22500.1 115
22560.1 122
22620.1 118
22680.1 101
22740.1 73
22800.1 105
22860.1 114
22920.1 107
22980.1 100
23040.1 85
23100.1 70
23160.1 95
23220.1 101
23280.1 92
23340.1 77
23400.1 65
23460.1 92
23520.1 94
23580.1 76
23640.1 105
23700.1 109
23760.1 98
23820.1 84
23880.1 67
23940.1 95
24000.1 91
24060.1 82
24120.1 67
24180.1 101
24240.1 103
24300.1 85
24360.1 75
24420.1 68
24480.1 68
24540.1 94
24600.1 92
24660.1 77
24720.1 67
24780.1 97
24840.1 98
24900.1 85
24960.1 76
25020.1 62
25080.1 91
25140.1 85
25200.1 72
25260.1 65
25320.1 99
25380.1 105
25440.1 95
25500.1 83
25560.1 72
25620.1 69
25680.1 66
25740.1 67
25800.1 65
25860.1 68
25920.1 62
25980.1 92
26040.1 98
26100.1 92
26160.1 81
26220.1 61
26280.1 96
26340.1 104
26400.1 98
26460.1 83
26520.1 66
26580.1 104
26640.1 117
26700.1 100
26760.1 80
26820.1 74
26880.1 63
26940.1 92
27000.1 99
27060.1 89
27120.1 76
27180.1 74
27240.1 72
27300.1 55
27360.1 83
27420.1 87
27480.1 81
27540.1 64
27600.1 89
27660.1 92
27720.1 83
27780.1 77
27840.1 76
27900.1 62
27960.1 95
28020.1 106
28080.1 97
28140.1 79
28200.1 75
28260.1 68
28320.1 59
28380.1 89
28440.1 94
28500.1 78
28560.1 69
28620.1 64
28680.1 60
28740.1 89
28800.1 99
28860.1 92
28920.1 84
28980.1 73
29040.1 61
29100.1 86
29160.1 86
29220.1 117
29280.1 123
29340.1 118
29400.1 102
29460.1 84
29520.1 77
29580.1 76
29640.1 71
29700.1 67
29760.1 62
29820.1 89
29880.1 96
29940.1 90
30000.1 69
30060.1 100
30120.1 104
30180.1 93
30240.1 75
30300.1 103
30360.1 107
30420.1 98
30480.1 77
30540.1 98
30600.1 97
30660.1 83
30720.1 72
30780.1 69
30840.1 56
30900.1 83
30960.1 95
31020.1 90
31080.1 79
31140.1 64
31200.1 90
31260.1 91
31320.1 85
31380.1 73
31440.1 67
31500.1 58
31560.1 89
31620.1 95
31680.1 86
31740.1 81
31800.1 70
31860.1 72
31920.1 62
31980.1 91
32040.1 95
32100.1 83
32160.1 62
32220.1 86
32280.1 90
32340.1 87
32400.1 78
32460.1 79
32520.1 76
32580.1 74
32640.1 67
32700.1 63
32760.1 61
32820.1 68
32880.1 67
32940.1 62
33000.1 94
33060.1 110
33120.1 102
33180.1 91
33240.1 82
33300.1 82
33360.1 111
33420.1 114
33480.1 101
33540.1 87
33600.1 82
33660.1 76
33720.1 74
33780.1 56
33840.1 85
33900.1 94
33960.1 85
34020.1 78
34080.1 68
34140.1 97
34200.1 100
34260.1 88
34320.1 69
34380.1 103
34440.1 109
34500.1 106
34560.1 100
34620.1 84
34680.1 71
34740.1 94
34800.1 94
34860.1 123
34920.1 118
34980.1 97
35040.1 80
35100.1 67
35160.1 92
35220.1 94
35280.1 86
35340.1 77
35400.1 68
35460.1 63
35520.1 91
35580.1 96
35640.1 78
35700.1 70
35760.1 66
35820.1 64
35880.1 66
35940.1 70
